<?xml version="1.0" encoding="utf-8" standalone="no"?>
<!DOCTYPE svg PUBLIC "-//W3C//DTD SVG 1.1//EN"
  "http://www.w3.org/Graphics/SVG/1.1/DTD/svg11.dtd">
<svg xmlns:xlink="http://www.w3.org/1999/xlink" width="329.41825pt" height="318.190125pt" viewBox="0 0 329.41825 318.190125" xmlns="http://www.w3.org/2000/svg" version="1.1">
 <metadata>
  <rdf:RDF xmlns:dc="http://purl.org/dc/elements/1.1/" xmlns:cc="http://creativecommons.org/ns#" xmlns:rdf="http://www.w3.org/1999/02/22-rdf-syntax-ns#">
   <cc:Work>
    <dc:type rdf:resource="http://purl.org/dc/dcmitype/StillImage"/>
    <dc:date>2023-04-03T01:26:02.032378</dc:date>
    <dc:format>image/svg+xml</dc:format>
    <dc:creator>
     <cc:Agent>
      <dc:title>Matplotlib v3.5.1, https://matplotlib.org/</dc:title>
     </cc:Agent>
    </dc:creator>
   </cc:Work>
  </rdf:RDF>
 </metadata>
 <defs>
  <style type="text/css">*{stroke-linejoin: round; stroke-linecap: butt}</style>
 </defs>
 <g id="figure_1">
  <g id="patch_1">
   <path d="M 0 318.190125 
L 329.41825 318.190125 
L 329.41825 0 
L 0 0 
z
" style="fill: #ffffff"/>
  </g>
  <g id="axes_1">
   <g id="patch_2">
    <path d="M 299.35575 159.095062 
C 299.35575 141.622309 295.913998 124.319455 289.227465 108.176736 
C 282.540932 92.034016 272.739653 77.365365 260.38455 65.010263 
C 248.029447 52.65516 233.360796 42.853881 217.218077 36.167347 
C 201.075357 29.480814 183.772504 26.039062 166.29975 26.039062 
C 148.826996 26.039062 131.524143 29.480814 115.381423 36.167347 
C 99.238704 42.853881 84.570053 52.65516 72.21495 65.010263 
C 59.859847 77.365365 50.058568 92.034016 43.372035 108.176736 
C 36.685502 124.319455 33.24375 141.622309 33.24375 159.095062 
C 33.24375 176.567816 36.685502 193.87067 43.372035 210.013389 
C 50.058568 226.156109 59.859847 240.82476 72.21495 253.179862 
C 84.570053 265.534965 99.238704 275.336244 115.381423 282.022778 
C 131.524143 288.709311 148.826996 292.151062 166.29975 292.151062 
C 183.772504 292.151062 201.075357 288.709311 217.218077 282.022778 
C 233.360796 275.336244 248.029447 265.534965 260.38455 253.179862 
C 272.739653 240.82476 282.540932 226.156109 289.227465 210.013389 
C 295.913998 193.87067 299.35575 176.567816 299.35575 159.095062 
M 166.29975 159.095062 
C 166.29975 159.095062 166.29975 159.095062 166.29975 159.095062 
C 166.29975 159.095062 166.29975 159.095062 166.29975 159.095062 
C 166.29975 159.095062 166.29975 159.095062 166.29975 159.095062 
C 166.29975 159.095062 166.29975 159.095062 166.29975 159.095062 
C 166.29975 159.095062 166.29975 159.095062 166.29975 159.095062 
C 166.29975 159.095062 166.29975 159.095062 166.29975 159.095062 
C 166.29975 159.095062 166.29975 159.095062 166.29975 159.095062 
C 166.29975 159.095062 166.29975 159.095062 166.29975 159.095062 
C 166.29975 159.095062 166.29975 159.095062 166.29975 159.095062 
C 166.29975 159.095062 166.29975 159.095062 166.29975 159.095062 
C 166.29975 159.095062 166.29975 159.095062 166.29975 159.095062 
C 166.29975 159.095062 166.29975 159.095062 166.29975 159.095062 
C 166.29975 159.095062 166.29975 159.095062 166.29975 159.095062 
C 166.29975 159.095062 166.29975 159.095062 166.29975 159.095062 
C 166.29975 159.095062 166.29975 159.095062 166.29975 159.095062 
C 166.29975 159.095062 166.29975 159.095062 166.29975 159.095062 
M 299.35575 159.095062 
z
" style="fill: #ffffff"/>
   </g>
   <g id="matplotlib.axis_1">
    <g id="xtick_1">
     <g id="line2d_1">
      <path d="M 166.29975 159.095062 
L 166.29975 26.039062 
" clip-path="url(#p21f5c89158)" style="fill: none; stroke: #b0b0b0; stroke-width: 0.8; stroke-linecap: square"/>
     </g>
     <g id="text_1">
      <!-- 0° -->
      <g transform="translate(160.6185 14.798437)scale(0.1 -0.1)">
       <defs>
        <path id="DejaVuSans-30" d="M 2034 4250 
Q 1547 4250 1301 3770 
Q 1056 3291 1056 2328 
Q 1056 1369 1301 889 
Q 1547 409 2034 409 
Q 2525 409 2770 889 
Q 3016 1369 3016 2328 
Q 3016 3291 2770 3770 
Q 2525 4250 2034 4250 
z
M 2034 4750 
Q 2819 4750 3233 4129 
Q 3647 3509 3647 2328 
Q 3647 1150 3233 529 
Q 2819 -91 2034 -91 
Q 1250 -91 836 529 
Q 422 1150 422 2328 
Q 422 3509 836 4129 
Q 1250 4750 2034 4750 
z
" transform="scale(0.015625)"/>
        <path id="DejaVuSans-b0" d="M 1600 4347 
Q 1350 4347 1178 4173 
Q 1006 4000 1006 3750 
Q 1006 3503 1178 3333 
Q 1350 3163 1600 3163 
Q 1850 3163 2022 3333 
Q 2194 3503 2194 3750 
Q 2194 3997 2020 4172 
Q 1847 4347 1600 4347 
z
M 1600 4750 
Q 1800 4750 1984 4673 
Q 2169 4597 2303 4453 
Q 2447 4313 2519 4134 
Q 2591 3956 2591 3750 
Q 2591 3338 2302 3052 
Q 2013 2766 1594 2766 
Q 1172 2766 890 3047 
Q 609 3328 609 3750 
Q 609 4169 896 4459 
Q 1184 4750 1600 4750 
z
" transform="scale(0.015625)"/>
       </defs>
       <use xlink:href="#DejaVuSans-30"/>
       <use xlink:href="#DejaVuSans-b0" x="63.623047"/>
      </g>
     </g>
    </g>
    <g id="xtick_2">
     <g id="line2d_2">
      <path d="M 166.29975 159.095062 
L 260.38455 65.010263 
" clip-path="url(#p21f5c89158)" style="fill: none; stroke: #b0b0b0; stroke-width: 0.8; stroke-linecap: square"/>
     </g>
     <g id="text_2">
      <!-- 45° -->
      <g transform="translate(261.421545 57.870143)scale(0.1 -0.1)">
       <defs>
        <path id="DejaVuSans-34" d="M 2419 4116 
L 825 1625 
L 2419 1625 
L 2419 4116 
z
M 2253 4666 
L 3047 4666 
L 3047 1625 
L 3713 1625 
L 3713 1100 
L 3047 1100 
L 3047 0 
L 2419 0 
L 2419 1100 
L 313 1100 
L 313 1709 
L 2253 4666 
z
" transform="scale(0.015625)"/>
        <path id="DejaVuSans-35" d="M 691 4666 
L 3169 4666 
L 3169 4134 
L 1269 4134 
L 1269 2991 
Q 1406 3038 1543 3061 
Q 1681 3084 1819 3084 
Q 2600 3084 3056 2656 
Q 3513 2228 3513 1497 
Q 3513 744 3044 326 
Q 2575 -91 1722 -91 
Q 1428 -91 1123 -41 
Q 819 9 494 109 
L 494 744 
Q 775 591 1075 516 
Q 1375 441 1709 441 
Q 2250 441 2565 725 
Q 2881 1009 2881 1497 
Q 2881 1984 2565 2268 
Q 2250 2553 1709 2553 
Q 1456 2553 1204 2497 
Q 953 2441 691 2322 
L 691 4666 
z
" transform="scale(0.015625)"/>
       </defs>
       <use xlink:href="#DejaVuSans-34"/>
       <use xlink:href="#DejaVuSans-35" x="63.623047"/>
       <use xlink:href="#DejaVuSans-b0" x="127.246094"/>
      </g>
     </g>
    </g>
    <g id="xtick_3">
     <g id="line2d_3">
      <path d="M 166.29975 159.095062 
L 299.35575 159.095062 
" clip-path="url(#p21f5c89158)" style="fill: none; stroke: #b0b0b0; stroke-width: 0.8; stroke-linecap: square"/>
     </g>
     <g id="text_3">
      <!-- 90° -->
      <g transform="translate(304.49325 161.854437)scale(0.1 -0.1)">
       <defs>
        <path id="DejaVuSans-39" d="M 703 97 
L 703 672 
Q 941 559 1184 500 
Q 1428 441 1663 441 
Q 2288 441 2617 861 
Q 2947 1281 2994 2138 
Q 2813 1869 2534 1725 
Q 2256 1581 1919 1581 
Q 1219 1581 811 2004 
Q 403 2428 403 3163 
Q 403 3881 828 4315 
Q 1253 4750 1959 4750 
Q 2769 4750 3195 4129 
Q 3622 3509 3622 2328 
Q 3622 1225 3098 567 
Q 2575 -91 1691 -91 
Q 1453 -91 1209 -44 
Q 966 3 703 97 
z
M 1959 2075 
Q 2384 2075 2632 2365 
Q 2881 2656 2881 3163 
Q 2881 3666 2632 3958 
Q 2384 4250 1959 4250 
Q 1534 4250 1286 3958 
Q 1038 3666 1038 3163 
Q 1038 2656 1286 2365 
Q 1534 2075 1959 2075 
z
" transform="scale(0.015625)"/>
       </defs>
       <use xlink:href="#DejaVuSans-39"/>
       <use xlink:href="#DejaVuSans-30" x="63.623047"/>
       <use xlink:href="#DejaVuSans-b0" x="127.246094"/>
      </g>
     </g>
    </g>
    <g id="xtick_4">
     <g id="line2d_4">
      <path d="M 166.29975 159.095062 
L 260.38455 253.179862 
" clip-path="url(#p21f5c89158)" style="fill: none; stroke: #b0b0b0; stroke-width: 0.8; stroke-linecap: square"/>
     </g>
     <g id="text_4">
      <!-- 135° -->
      <g transform="translate(258.240295 265.838732)scale(0.1 -0.1)">
       <defs>
        <path id="DejaVuSans-31" d="M 794 531 
L 1825 531 
L 1825 4091 
L 703 3866 
L 703 4441 
L 1819 4666 
L 2450 4666 
L 2450 531 
L 3481 531 
L 3481 0 
L 794 0 
L 794 531 
z
" transform="scale(0.015625)"/>
        <path id="DejaVuSans-33" d="M 2597 2516 
Q 3050 2419 3304 2112 
Q 3559 1806 3559 1356 
Q 3559 666 3084 287 
Q 2609 -91 1734 -91 
Q 1441 -91 1130 -33 
Q 819 25 488 141 
L 488 750 
Q 750 597 1062 519 
Q 1375 441 1716 441 
Q 2309 441 2620 675 
Q 2931 909 2931 1356 
Q 2931 1769 2642 2001 
Q 2353 2234 1838 2234 
L 1294 2234 
L 1294 2753 
L 1863 2753 
Q 2328 2753 2575 2939 
Q 2822 3125 2822 3475 
Q 2822 3834 2567 4026 
Q 2313 4219 1838 4219 
Q 1578 4219 1281 4162 
Q 984 4106 628 3988 
L 628 4550 
Q 988 4650 1302 4700 
Q 1616 4750 1894 4750 
Q 2613 4750 3031 4423 
Q 3450 4097 3450 3541 
Q 3450 3153 3228 2886 
Q 3006 2619 2597 2516 
z
" transform="scale(0.015625)"/>
       </defs>
       <use xlink:href="#DejaVuSans-31"/>
       <use xlink:href="#DejaVuSans-33" x="63.623047"/>
       <use xlink:href="#DejaVuSans-35" x="127.246094"/>
       <use xlink:href="#DejaVuSans-b0" x="190.869141"/>
      </g>
     </g>
    </g>
    <g id="xtick_5">
     <g id="line2d_5">
      <path d="M 166.29975 159.095062 
L 166.29975 292.151062 
" clip-path="url(#p21f5c89158)" style="fill: none; stroke: #b0b0b0; stroke-width: 0.8; stroke-linecap: square"/>
     </g>
     <g id="text_5">
      <!-- 180° -->
      <g transform="translate(154.256 308.910437)scale(0.1 -0.1)">
       <defs>
        <path id="DejaVuSans-38" d="M 2034 2216 
Q 1584 2216 1326 1975 
Q 1069 1734 1069 1313 
Q 1069 891 1326 650 
Q 1584 409 2034 409 
Q 2484 409 2743 651 
Q 3003 894 3003 1313 
Q 3003 1734 2745 1975 
Q 2488 2216 2034 2216 
z
M 1403 2484 
Q 997 2584 770 2862 
Q 544 3141 544 3541 
Q 544 4100 942 4425 
Q 1341 4750 2034 4750 
Q 2731 4750 3128 4425 
Q 3525 4100 3525 3541 
Q 3525 3141 3298 2862 
Q 3072 2584 2669 2484 
Q 3125 2378 3379 2068 
Q 3634 1759 3634 1313 
Q 3634 634 3220 271 
Q 2806 -91 2034 -91 
Q 1263 -91 848 271 
Q 434 634 434 1313 
Q 434 1759 690 2068 
Q 947 2378 1403 2484 
z
M 1172 3481 
Q 1172 3119 1398 2916 
Q 1625 2713 2034 2713 
Q 2441 2713 2670 2916 
Q 2900 3119 2900 3481 
Q 2900 3844 2670 4047 
Q 2441 4250 2034 4250 
Q 1625 4250 1398 4047 
Q 1172 3844 1172 3481 
z
" transform="scale(0.015625)"/>
       </defs>
       <use xlink:href="#DejaVuSans-31"/>
       <use xlink:href="#DejaVuSans-38" x="63.623047"/>
       <use xlink:href="#DejaVuSans-30" x="127.246094"/>
       <use xlink:href="#DejaVuSans-b0" x="190.869141"/>
      </g>
     </g>
    </g>
    <g id="xtick_6">
     <g id="line2d_6">
      <path d="M 166.29975 159.095062 
L 72.21495 253.179862 
" clip-path="url(#p21f5c89158)" style="fill: none; stroke: #b0b0b0; stroke-width: 0.8; stroke-linecap: square"/>
     </g>
     <g id="text_6">
      <!-- 225° -->
      <g transform="translate(50.271705 265.838732)scale(0.1 -0.1)">
       <defs>
        <path id="DejaVuSans-32" d="M 1228 531 
L 3431 531 
L 3431 0 
L 469 0 
L 469 531 
Q 828 903 1448 1529 
Q 2069 2156 2228 2338 
Q 2531 2678 2651 2914 
Q 2772 3150 2772 3378 
Q 2772 3750 2511 3984 
Q 2250 4219 1831 4219 
Q 1534 4219 1204 4116 
Q 875 4013 500 3803 
L 500 4441 
Q 881 4594 1212 4672 
Q 1544 4750 1819 4750 
Q 2544 4750 2975 4387 
Q 3406 4025 3406 3419 
Q 3406 3131 3298 2873 
Q 3191 2616 2906 2266 
Q 2828 2175 2409 1742 
Q 1991 1309 1228 531 
z
" transform="scale(0.015625)"/>
       </defs>
       <use xlink:href="#DejaVuSans-32"/>
       <use xlink:href="#DejaVuSans-32" x="63.623047"/>
       <use xlink:href="#DejaVuSans-35" x="127.246094"/>
       <use xlink:href="#DejaVuSans-b0" x="190.869141"/>
      </g>
     </g>
    </g>
    <g id="xtick_7">
     <g id="line2d_7">
      <path d="M 166.29975 159.095062 
L 33.24375 159.095062 
" clip-path="url(#p21f5c89158)" style="fill: none; stroke: #b0b0b0; stroke-width: 0.8; stroke-linecap: square"/>
     </g>
     <g id="text_7">
      <!-- 270° -->
      <g transform="translate(7.2 161.854437)scale(0.1 -0.1)">
       <defs>
        <path id="DejaVuSans-37" d="M 525 4666 
L 3525 4666 
L 3525 4397 
L 1831 0 
L 1172 0 
L 2766 4134 
L 525 4134 
L 525 4666 
z
" transform="scale(0.015625)"/>
       </defs>
       <use xlink:href="#DejaVuSans-32"/>
       <use xlink:href="#DejaVuSans-37" x="63.623047"/>
       <use xlink:href="#DejaVuSans-30" x="127.246094"/>
       <use xlink:href="#DejaVuSans-b0" x="190.869141"/>
      </g>
     </g>
    </g>
    <g id="xtick_8">
     <g id="line2d_8">
      <path d="M 166.29975 159.095062 
L 72.21495 65.010263 
" clip-path="url(#p21f5c89158)" style="fill: none; stroke: #b0b0b0; stroke-width: 0.8; stroke-linecap: square"/>
     </g>
     <g id="text_8">
      <!-- 315° -->
      <g transform="translate(50.271705 57.870143)scale(0.1 -0.1)">
       <use xlink:href="#DejaVuSans-33"/>
       <use xlink:href="#DejaVuSans-31" x="63.623047"/>
       <use xlink:href="#DejaVuSans-35" x="127.246094"/>
       <use xlink:href="#DejaVuSans-b0" x="190.869141"/>
      </g>
     </g>
    </g>
   </g>
   <g id="matplotlib.axis_2">
    <g id="ytick_1">
     <g id="line2d_9">
      <path d="M 166.29975 159.095062 
C 166.29975 159.095062 166.29975 159.095062 166.29975 159.095062 
C 166.29975 159.095062 166.29975 159.095062 166.29975 159.095062 
C 166.29975 159.095062 166.29975 159.095062 166.29975 159.095062 
C 166.29975 159.095062 166.29975 159.095062 166.29975 159.095062 
C 166.29975 159.095062 166.29975 159.095062 166.29975 159.095062 
C 166.29975 159.095062 166.29975 159.095062 166.29975 159.095062 
C 166.29975 159.095062 166.29975 159.095062 166.29975 159.095062 
C 166.29975 159.095062 166.29975 159.095062 166.29975 159.095062 
C 166.29975 159.095062 166.29975 159.095062 166.29975 159.095062 
C 166.29975 159.095062 166.29975 159.095062 166.29975 159.095062 
C 166.29975 159.095062 166.29975 159.095062 166.29975 159.095062 
C 166.29975 159.095062 166.29975 159.095062 166.29975 159.095062 
C 166.29975 159.095062 166.29975 159.095062 166.29975 159.095062 
C 166.29975 159.095062 166.29975 159.095062 166.29975 159.095062 
C 166.29975 159.095062 166.29975 159.095062 166.29975 159.095062 
C 166.29975 159.095062 166.29975 159.095062 166.29975 159.095062 
" clip-path="url(#p21f5c89158)" style="fill: none; stroke: #b0b0b0; stroke-width: 0.8; stroke-linecap: square"/>
     </g>
     <g id="text_9">
      <!-- 0 -->
      <g transform="translate(166.29975 157.015375)scale(0.1 -0.1)">
       <use xlink:href="#DejaVuSans-30"/>
      </g>
     </g>
    </g>
    <g id="ytick_2">
     <g id="line2d_10">
      <path d="M 166.29975 131.10177 
C 169.975795 131.10177 173.616096 131.825871 177.012319 133.232633 
C 180.408542 134.639394 183.49464 136.701459 186.093997 139.300816 
C 188.693354 141.900172 190.755418 144.98627 192.16218 148.382493 
C 193.568942 151.778716 194.293042 155.419017 194.293042 159.095062 
C 194.293042 162.771108 193.568942 166.411409 192.16218 169.807632 
C 190.755418 173.203855 188.693354 176.289953 186.093997 178.889309 
C 183.49464 181.488666 180.408542 183.550731 177.012319 184.957492 
C 173.616096 186.364254 169.975795 187.088355 166.29975 187.088355 
C 162.623705 187.088355 158.983404 186.364254 155.587181 184.957492 
C 152.190958 183.550731 149.10486 181.488666 146.505503 178.889309 
C 143.906146 176.289953 141.844082 173.203855 140.43732 169.807632 
C 139.030558 166.411409 138.306458 162.771108 138.306458 159.095062 
C 138.306458 155.419017 139.030558 151.778716 140.43732 148.382493 
C 141.844082 144.98627 143.906146 141.900172 146.505503 139.300816 
C 149.10486 136.701459 152.190958 134.639394 155.587181 133.232633 
C 158.983404 131.825871 162.623705 131.10177 166.29975 131.10177 
" clip-path="url(#p21f5c89158)" style="fill: none; stroke: #b0b0b0; stroke-width: 0.8; stroke-linecap: square"/>
     </g>
     <g id="text_10">
      <!-- 2 -->
      <g transform="translate(177.012319 131.152945)scale(0.1 -0.1)">
       <use xlink:href="#DejaVuSans-32"/>
      </g>
     </g>
    </g>
    <g id="ytick_3">
     <g id="line2d_11">
      <path d="M 166.29975 103.108478 
C 173.651841 103.108478 180.932442 104.556679 187.724888 107.370203 
C 194.517335 110.183726 200.68953 114.307855 205.888244 119.506569 
C 211.086957 124.705282 215.211086 130.877478 218.02461 137.669924 
C 220.838133 144.46237 222.286335 151.742972 222.286335 159.095062 
C 222.286335 166.447153 220.838133 173.727755 218.02461 180.520201 
C 215.211086 187.312647 211.086957 193.484843 205.888244 198.683556 
C 200.68953 203.88227 194.517335 208.006399 187.724888 210.819922 
C 180.932442 213.633446 173.651841 215.081647 166.29975 215.081647 
C 158.947659 215.081647 151.667058 213.633446 144.874612 210.819922 
C 138.082165 208.006399 131.90997 203.88227 126.711256 198.683556 
C 121.512543 193.484843 117.388414 187.312647 114.57489 180.520201 
C 111.761367 173.727755 110.313165 166.447153 110.313165 159.095062 
C 110.313165 151.742972 111.761367 144.46237 114.57489 137.669924 
C 117.388414 130.877478 121.512543 124.705282 126.711256 119.506569 
C 131.90997 114.307855 138.082165 110.183726 144.874612 107.370203 
C 151.667058 104.556679 158.947659 103.108478 166.29975 103.108478 
" clip-path="url(#p21f5c89158)" style="fill: none; stroke: #b0b0b0; stroke-width: 0.8; stroke-linecap: square"/>
     </g>
     <g id="text_11">
      <!-- 4 -->
      <g transform="translate(187.724888 105.290515)scale(0.1 -0.1)">
       <use xlink:href="#DejaVuSans-34"/>
      </g>
     </g>
    </g>
    <g id="ytick_4">
     <g id="line2d_12">
      <path d="M 166.29975 75.115186 
C 177.327886 75.115186 188.248788 77.287488 198.437458 81.507773 
C 208.626127 85.728058 217.88442 91.914252 225.68249 99.712322 
C 233.480561 107.510392 239.666754 116.768685 243.887039 126.957355 
C 248.107325 137.146024 250.279627 148.066926 250.279627 159.095062 
C 250.279627 170.123199 248.107325 181.044101 243.887039 191.23277 
C 239.666754 201.42144 233.480561 210.679733 225.68249 218.477803 
C 217.88442 226.275873 208.626127 232.462067 198.437458 236.682352 
C 188.248788 240.902637 177.327886 243.074939 166.29975 243.074939 
C 155.271614 243.074939 144.350712 240.902637 134.162042 236.682352 
C 123.973373 232.462067 114.71508 226.275873 106.91701 218.477803 
C 99.118939 210.679733 92.932746 201.42144 88.712461 191.23277 
C 84.492175 181.044101 82.319873 170.123199 82.319873 159.095062 
C 82.319873 148.066926 84.492175 137.146024 88.712461 126.957355 
C 92.932746 116.768685 99.118939 107.510392 106.91701 99.712322 
C 114.71508 91.914252 123.973373 85.728058 134.162042 81.507773 
C 144.350712 77.287488 155.271614 75.115186 166.29975 75.115186 
" clip-path="url(#p21f5c89158)" style="fill: none; stroke: #b0b0b0; stroke-width: 0.8; stroke-linecap: square"/>
     </g>
     <g id="text_12">
      <!-- 6 -->
      <g transform="translate(198.437458 79.428086)scale(0.1 -0.1)">
       <defs>
        <path id="DejaVuSans-36" d="M 2113 2584 
Q 1688 2584 1439 2293 
Q 1191 2003 1191 1497 
Q 1191 994 1439 701 
Q 1688 409 2113 409 
Q 2538 409 2786 701 
Q 3034 994 3034 1497 
Q 3034 2003 2786 2293 
Q 2538 2584 2113 2584 
z
M 3366 4563 
L 3366 3988 
Q 3128 4100 2886 4159 
Q 2644 4219 2406 4219 
Q 1781 4219 1451 3797 
Q 1122 3375 1075 2522 
Q 1259 2794 1537 2939 
Q 1816 3084 2150 3084 
Q 2853 3084 3261 2657 
Q 3669 2231 3669 1497 
Q 3669 778 3244 343 
Q 2819 -91 2113 -91 
Q 1303 -91 875 529 
Q 447 1150 447 2328 
Q 447 3434 972 4092 
Q 1497 4750 2381 4750 
Q 2619 4750 2861 4703 
Q 3103 4656 3366 4563 
z
" transform="scale(0.015625)"/>
       </defs>
       <use xlink:href="#DejaVuSans-36"/>
      </g>
     </g>
    </g>
    <g id="ytick_5">
     <g id="line2d_13">
      <path d="M 166.29975 47.121893 
C 181.003932 47.121893 195.565134 50.018296 209.150027 55.645343 
C 222.734919 61.27239 235.079311 69.520648 245.476737 79.918075 
C 255.874164 90.315502 264.122422 102.659893 269.749469 116.244786 
C 275.376516 129.829678 278.272919 144.390881 278.272919 159.095062 
C 278.272919 173.799244 275.376516 188.360447 269.749469 201.945339 
C 264.122422 215.530232 255.874164 227.874623 245.476737 238.27205 
C 235.079311 248.669477 222.734919 256.917735 209.150027 262.544782 
C 195.565134 268.171829 181.003932 271.068232 166.29975 271.068232 
C 151.595568 271.068232 137.034366 268.171829 123.449473 262.544782 
C 109.864581 256.917735 97.520189 248.669477 87.122763 238.27205 
C 76.725336 227.874623 68.477078 215.530232 62.850031 201.945339 
C 57.222984 188.360447 54.326581 173.799244 54.326581 159.095062 
C 54.326581 144.390881 57.222984 129.829678 62.850031 116.244786 
C 68.477078 102.659893 76.725336 90.315502 87.122763 79.918075 
C 97.520189 69.520648 109.864581 61.27239 123.449473 55.645343 
C 137.034366 50.018296 151.595568 47.121893 166.29975 47.121893 
" clip-path="url(#p21f5c89158)" style="fill: none; stroke: #b0b0b0; stroke-width: 0.8; stroke-linecap: square"/>
     </g>
     <g id="text_13">
      <!-- 8 -->
      <g transform="translate(209.150027 53.565656)scale(0.1 -0.1)">
       <use xlink:href="#DejaVuSans-38"/>
      </g>
     </g>
    </g>
   </g>
   <g id="line2d_14">
    <path d="M 166.29975 213.154092 
L 165.385899 207.522157 
L 164.678049 202.048603 
L 164.033163 195.085309 
L 163.694748 188.603162 
L 163.616783 182.692644 
L 163.747274 177.424134 
L 164.118888 171.813892 
L 164.72598 166.56838 
L 165.432514 162.469201 
L 166.019533 159.904323 
L 165.784916 160.418187 
L 164.638046 162.680652 
L 163.172679 165.039214 
L 161.663918 167.037796 
L 160.115044 168.694499 
L 158.877791 169.712474 
L 157.817229 170.304004 
L 157.118036 170.466401 
L 156.615672 170.345609 
L 156.365564 170.065493 
L 156.245657 169.519494 
L 156.333383 168.798524 
L 156.68946 167.770121 
L 157.395889 166.447781 
L 158.48192 164.915221 
L 159.893156 163.323192 
L 161.479147 161.858063 
L 163.258212 160.522098 
L 164.986034 159.510979 
L 165.46599 159.177925 
L 165.452036 159.152466 
L 165.135713 158.754535 
L 163.431443 157.782176 
L 161.705907 156.519302 
L 160.135053 155.109553 
L 158.708015 153.55377 
L 157.580575 152.032143 
L 156.73033 150.511358 
L 156.315659 149.312996 
L 156.259332 148.486309 
L 156.443268 148.001874 
L 156.744622 147.780158 
L 157.179441 147.726817 
L 157.897054 147.918736 
L 158.78158 148.411721 
L 160.007224 149.395408 
L 161.329713 150.761324 
L 162.861121 152.705706 
L 164.222554 154.791616 
L 165.486252 157.133286 
L 166.023284 158.28844 
L 165.890501 157.735857 
L 165.19514 154.498806 
L 164.566857 150.463051 
L 164.074118 145.865501 
L 163.72144 140.144421 
L 163.614018 134.792534 
L 163.721795 128.806286 
L 164.096151 122.258655 
L 164.782192 115.242504 
L 165.523624 109.738856 
L 166.47274 104.08583 
L 167.637386 98.339575 
L 169.021358 92.559203 
L 170.624182 86.8058 
L 172.441004 81.141387 
L 174.462581 75.62786 
L 176.675374 70.325924 
L 179.061751 65.294055 
L 181.600283 60.587502 
L 184.266129 56.257372 
L 187.031511 52.349789 
L 188.915571 49.9997 
L 190.82107 47.865949 
L 192.738312 45.957665 
L 194.657405 44.282615 
L 196.56835 42.847158 
L 198.461124 41.656224 
L 200.325767 40.713297 
L 202.152467 40.020412 
L 203.931637 39.578168 
L 205.653998 39.385751 
L 207.31065 39.440965 
L 208.893143 39.740283 
L 210.393539 40.278897 
L 211.804471 41.050782 
L 213.119194 42.048776 
L 214.33163 43.264651 
L 215.436403 44.689209 
L 216.42887 46.312365 
L 217.305147 48.123251 
L 218.062116 50.11031 
L 218.697439 52.261403 
L 219.209558 54.563905 
L 219.745206 58.273029 
L 220.002556 62.248551 
L 219.985784 66.444864 
L 219.702506 70.816418 
L 219.163496 75.318393 
L 218.382356 79.907307 
L 217.375154 84.541558 
L 216.160036 89.181894 
L 214.756819 93.791806 
L 213.186586 98.337841 
L 210.871135 104.248224 
L 208.350949 109.929919 
L 205.679089 115.332208 
L 202.907151 120.415508 
L 200.084072 125.151 
L 197.255132 129.519974 
L 193.772499 134.452191 
L 190.412987 138.796958 
L 187.232382 142.570412 
L 183.710838 146.386514 
L 180.556935 149.491511 
L 177.374573 152.323962 
L 174.396335 154.688255 
L 171.598224 156.629413 
L 169.127218 158.07098 
L 167.175671 159.143316 
L 167.207787 159.185307 
L 167.569278 159.377034 
L 169.763111 160.461519 
L 171.957224 161.792993 
L 174.562424 163.626008 
L 177.583879 166.042976 
L 180.804954 168.932131 
L 183.990772 172.093408 
L 187.541076 175.972098 
L 190.741704 179.801553 
L 194.116257 184.204587 
L 197.607628 189.195822 
L 200.438166 193.611309 
L 203.257412 198.391499 
L 206.019582 203.516465 
L 208.675347 208.95607 
L 211.172857 214.669355 
L 213.458967 220.604199 
L 215.002869 225.163066 
L 216.376171 229.780458 
L 217.557973 234.422393 
L 218.528707 239.051882 
L 219.270546 243.629252 
L 219.767806 248.112553 
L 220.007333 252.458041 
L 219.978857 256.620728 
L 219.675318 260.555009 
L 219.093135 264.215335 
L 218.550111 266.48119 
L 217.8842 268.592441 
L 217.097154 270.536574 
L 216.191508 272.301586 
L 215.17057 273.876082 
L 214.038417 275.249382 
L 212.799877 276.411613 
L 211.460505 277.353811 
L 210.02655 278.068006 
L 208.504915 278.547314 
L 206.903117 278.786008 
L 205.229227 278.779594 
L 203.491814 278.524873 
L 201.699878 278.01999 
L 199.862784 277.264483 
L 197.990181 276.259307 
L 196.091926 275.006859 
L 194.178004 273.510986 
L 192.258439 271.776975 
L 190.343212 269.811543 
L 188.442173 267.622798 
L 186.564957 265.220206 
L 183.814126 261.23923 
L 181.167643 256.843015 
L 178.652832 252.078571 
L 176.293996 246.997755 
L 174.111955 241.656421 
L 172.123678 236.113485 
L 170.341998 230.429925 
L 168.775431 224.667732 
L 167.428098 218.888845 
L 166.29975 213.154092 
L 166.29975 213.154092 
" clip-path="url(#p21f5c89158)" style="fill: none; stroke: #1f77b4; stroke-width: 1.5; stroke-linecap: square"/>
   </g>
   <g id="patch_3">
    <path d="M 166.29975 26.039062 
C 148.826996 26.039062 131.524143 29.480814 115.381423 36.167347 
C 99.238704 42.853881 84.570053 52.65516 72.21495 65.010263 
C 59.859847 77.365365 50.058568 92.034016 43.372035 108.176736 
C 36.685502 124.319455 33.24375 141.622309 33.24375 159.095062 
C 33.24375 176.567816 36.685502 193.87067 43.372035 210.013389 
C 50.058568 226.156109 59.859847 240.82476 72.21495 253.179862 
C 84.570053 265.534965 99.238704 275.336244 115.381423 282.022778 
C 131.524143 288.709311 148.826996 292.151062 166.29975 292.151062 
C 183.772504 292.151062 201.075357 288.709311 217.218077 282.022778 
C 233.360796 275.336244 248.029447 265.534965 260.38455 253.179862 
C 272.739653 240.82476 282.540932 226.156109 289.227465 210.013389 
C 295.913998 193.87067 299.35575 176.567816 299.35575 159.095062 
C 299.35575 141.622309 295.913998 124.319455 289.227465 108.176736 
C 282.540932 92.034016 272.739653 77.365365 260.38455 65.010263 
C 248.029447 52.65516 233.360796 42.853881 217.218077 36.167347 
C 201.075357 29.480814 183.772504 26.039062 166.29975 26.039062 
" style="fill: none; stroke: #000000; stroke-width: 0.8; stroke-linejoin: miter; stroke-linecap: square"/>
   </g>
  </g>
 </g>
 <defs>
  <clipPath id="p21f5c89158">
   <path d="M 299.35575 159.095062 
C 299.35575 141.622309 295.913998 124.319455 289.227465 108.176736 
C 282.540932 92.034016 272.739653 77.365365 260.38455 65.010263 
C 248.029447 52.65516 233.360796 42.853881 217.218077 36.167347 
C 201.075357 29.480814 183.772504 26.039062 166.29975 26.039062 
C 148.826996 26.039062 131.524143 29.480814 115.381423 36.167347 
C 99.238704 42.853881 84.570053 52.65516 72.21495 65.010263 
C 59.859847 77.365365 50.058568 92.034016 43.372035 108.176736 
C 36.685502 124.319455 33.24375 141.622309 33.24375 159.095062 
C 33.24375 176.567816 36.685502 193.87067 43.372035 210.013389 
C 50.058568 226.156109 59.859847 240.82476 72.21495 253.179862 
C 84.570053 265.534965 99.238704 275.336244 115.381423 282.022778 
C 131.524143 288.709311 148.826996 292.151062 166.29975 292.151062 
C 183.772504 292.151062 201.075357 288.709311 217.218077 282.022778 
C 233.360796 275.336244 248.029447 265.534965 260.38455 253.179862 
C 272.739653 240.82476 282.540932 226.156109 289.227465 210.013389 
C 295.913998 193.87067 299.35575 176.567816 299.35575 159.095062 
M 166.29975 159.095062 
C 166.29975 159.095062 166.29975 159.095062 166.29975 159.095062 
C 166.29975 159.095062 166.29975 159.095062 166.29975 159.095062 
C 166.29975 159.095062 166.29975 159.095062 166.29975 159.095062 
C 166.29975 159.095062 166.29975 159.095062 166.29975 159.095062 
C 166.29975 159.095062 166.29975 159.095062 166.29975 159.095062 
C 166.29975 159.095062 166.29975 159.095062 166.29975 159.095062 
C 166.29975 159.095062 166.29975 159.095062 166.29975 159.095062 
C 166.29975 159.095062 166.29975 159.095062 166.29975 159.095062 
C 166.29975 159.095062 166.29975 159.095062 166.29975 159.095062 
C 166.29975 159.095062 166.29975 159.095062 166.29975 159.095062 
C 166.29975 159.095062 166.29975 159.095062 166.29975 159.095062 
C 166.29975 159.095062 166.29975 159.095062 166.29975 159.095062 
C 166.29975 159.095062 166.29975 159.095062 166.29975 159.095062 
C 166.29975 159.095062 166.29975 159.095062 166.29975 159.095062 
C 166.29975 159.095062 166.29975 159.095062 166.29975 159.095062 
C 166.29975 159.095062 166.29975 159.095062 166.29975 159.095062 
M 299.35575 159.095062 
z
"/>
  </clipPath>
 </defs>
</svg>
