<?xml version="1.0" encoding="utf-8" standalone="no"?>
<!DOCTYPE svg PUBLIC "-//W3C//DTD SVG 1.1//EN"
  "http://www.w3.org/Graphics/SVG/1.1/DTD/svg11.dtd">
<svg xmlns:xlink="http://www.w3.org/1999/xlink" width="329.41825pt" height="318.190125pt" viewBox="0 0 329.41825 318.190125" xmlns="http://www.w3.org/2000/svg" version="1.1">
 <metadata>
  <rdf:RDF xmlns:dc="http://purl.org/dc/elements/1.1/" xmlns:cc="http://creativecommons.org/ns#" xmlns:rdf="http://www.w3.org/1999/02/22-rdf-syntax-ns#">
   <cc:Work>
    <dc:type rdf:resource="http://purl.org/dc/dcmitype/StillImage"/>
    <dc:date>2023-04-05T01:06:24.989021</dc:date>
    <dc:format>image/svg+xml</dc:format>
    <dc:creator>
     <cc:Agent>
      <dc:title>Matplotlib v3.5.1, https://matplotlib.org/</dc:title>
     </cc:Agent>
    </dc:creator>
   </cc:Work>
  </rdf:RDF>
 </metadata>
 <defs>
  <style type="text/css">*{stroke-linejoin: round; stroke-linecap: butt}</style>
 </defs>
 <g id="figure_1">
  <g id="patch_1">
   <path d="M 0 318.190125 
L 329.41825 318.190125 
L 329.41825 0 
L 0 0 
z
" style="fill: #ffffff"/>
  </g>
  <g id="axes_1">
   <g id="patch_2">
    <path d="M 299.35575 159.095062 
C 299.35575 141.622309 295.913998 124.319455 289.227465 108.176736 
C 282.540932 92.034016 272.739653 77.365365 260.38455 65.010263 
C 248.029447 52.65516 233.360796 42.853881 217.218077 36.167347 
C 201.075357 29.480814 183.772504 26.039062 166.29975 26.039062 
C 148.826996 26.039062 131.524143 29.480814 115.381423 36.167347 
C 99.238704 42.853881 84.570053 52.65516 72.21495 65.010263 
C 59.859847 77.365365 50.058568 92.034016 43.372035 108.176736 
C 36.685502 124.319455 33.24375 141.622309 33.24375 159.095062 
C 33.24375 176.567816 36.685502 193.87067 43.372035 210.013389 
C 50.058568 226.156109 59.859847 240.82476 72.21495 253.179862 
C 84.570053 265.534965 99.238704 275.336244 115.381423 282.022778 
C 131.524143 288.709311 148.826996 292.151062 166.29975 292.151062 
C 183.772504 292.151062 201.075357 288.709311 217.218077 282.022778 
C 233.360796 275.336244 248.029447 265.534965 260.38455 253.179862 
C 272.739653 240.82476 282.540932 226.156109 289.227465 210.013389 
C 295.913998 193.87067 299.35575 176.567816 299.35575 159.095062 
M 166.29975 159.095062 
C 166.29975 159.095062 166.29975 159.095062 166.29975 159.095062 
C 166.29975 159.095062 166.29975 159.095062 166.29975 159.095062 
C 166.29975 159.095062 166.29975 159.095062 166.29975 159.095062 
C 166.29975 159.095062 166.29975 159.095062 166.29975 159.095062 
C 166.29975 159.095062 166.29975 159.095062 166.29975 159.095062 
C 166.29975 159.095062 166.29975 159.095062 166.29975 159.095062 
C 166.29975 159.095062 166.29975 159.095062 166.29975 159.095062 
C 166.29975 159.095062 166.29975 159.095062 166.29975 159.095062 
C 166.29975 159.095062 166.29975 159.095062 166.29975 159.095062 
C 166.29975 159.095062 166.29975 159.095062 166.29975 159.095062 
C 166.29975 159.095062 166.29975 159.095062 166.29975 159.095062 
C 166.29975 159.095062 166.29975 159.095062 166.29975 159.095062 
C 166.29975 159.095062 166.29975 159.095062 166.29975 159.095062 
C 166.29975 159.095062 166.29975 159.095062 166.29975 159.095062 
C 166.29975 159.095062 166.29975 159.095062 166.29975 159.095062 
C 166.29975 159.095062 166.29975 159.095062 166.29975 159.095062 
M 299.35575 159.095062 
z
" style="fill: #ffffff"/>
   </g>
   <g id="matplotlib.axis_1">
    <g id="xtick_1">
     <g id="line2d_1">
      <path d="M 166.29975 159.095062 
L 166.29975 26.039062 
" clip-path="url(#p78a2ebb9ee)" style="fill: none; stroke: #b0b0b0; stroke-width: 0.8; stroke-linecap: square"/>
     </g>
     <g id="text_1">
      <!-- 0° -->
      <g transform="translate(160.6185 14.798437)scale(0.1 -0.1)">
       <defs>
        <path id="DejaVuSans-30" d="M 2034 4250 
Q 1547 4250 1301 3770 
Q 1056 3291 1056 2328 
Q 1056 1369 1301 889 
Q 1547 409 2034 409 
Q 2525 409 2770 889 
Q 3016 1369 3016 2328 
Q 3016 3291 2770 3770 
Q 2525 4250 2034 4250 
z
M 2034 4750 
Q 2819 4750 3233 4129 
Q 3647 3509 3647 2328 
Q 3647 1150 3233 529 
Q 2819 -91 2034 -91 
Q 1250 -91 836 529 
Q 422 1150 422 2328 
Q 422 3509 836 4129 
Q 1250 4750 2034 4750 
z
" transform="scale(0.015625)"/>
        <path id="DejaVuSans-b0" d="M 1600 4347 
Q 1350 4347 1178 4173 
Q 1006 4000 1006 3750 
Q 1006 3503 1178 3333 
Q 1350 3163 1600 3163 
Q 1850 3163 2022 3333 
Q 2194 3503 2194 3750 
Q 2194 3997 2020 4172 
Q 1847 4347 1600 4347 
z
M 1600 4750 
Q 1800 4750 1984 4673 
Q 2169 4597 2303 4453 
Q 2447 4313 2519 4134 
Q 2591 3956 2591 3750 
Q 2591 3338 2302 3052 
Q 2013 2766 1594 2766 
Q 1172 2766 890 3047 
Q 609 3328 609 3750 
Q 609 4169 896 4459 
Q 1184 4750 1600 4750 
z
" transform="scale(0.015625)"/>
       </defs>
       <use xlink:href="#DejaVuSans-30"/>
       <use xlink:href="#DejaVuSans-b0" x="63.623047"/>
      </g>
     </g>
    </g>
    <g id="xtick_2">
     <g id="line2d_2">
      <path d="M 166.29975 159.095062 
L 260.38455 65.010263 
" clip-path="url(#p78a2ebb9ee)" style="fill: none; stroke: #b0b0b0; stroke-width: 0.8; stroke-linecap: square"/>
     </g>
     <g id="text_2">
      <!-- 45° -->
      <g transform="translate(261.421545 57.870143)scale(0.1 -0.1)">
       <defs>
        <path id="DejaVuSans-34" d="M 2419 4116 
L 825 1625 
L 2419 1625 
L 2419 4116 
z
M 2253 4666 
L 3047 4666 
L 3047 1625 
L 3713 1625 
L 3713 1100 
L 3047 1100 
L 3047 0 
L 2419 0 
L 2419 1100 
L 313 1100 
L 313 1709 
L 2253 4666 
z
" transform="scale(0.015625)"/>
        <path id="DejaVuSans-35" d="M 691 4666 
L 3169 4666 
L 3169 4134 
L 1269 4134 
L 1269 2991 
Q 1406 3038 1543 3061 
Q 1681 3084 1819 3084 
Q 2600 3084 3056 2656 
Q 3513 2228 3513 1497 
Q 3513 744 3044 326 
Q 2575 -91 1722 -91 
Q 1428 -91 1123 -41 
Q 819 9 494 109 
L 494 744 
Q 775 591 1075 516 
Q 1375 441 1709 441 
Q 2250 441 2565 725 
Q 2881 1009 2881 1497 
Q 2881 1984 2565 2268 
Q 2250 2553 1709 2553 
Q 1456 2553 1204 2497 
Q 953 2441 691 2322 
L 691 4666 
z
" transform="scale(0.015625)"/>
       </defs>
       <use xlink:href="#DejaVuSans-34"/>
       <use xlink:href="#DejaVuSans-35" x="63.623047"/>
       <use xlink:href="#DejaVuSans-b0" x="127.246094"/>
      </g>
     </g>
    </g>
    <g id="xtick_3">
     <g id="line2d_3">
      <path d="M 166.29975 159.095062 
L 299.35575 159.095062 
" clip-path="url(#p78a2ebb9ee)" style="fill: none; stroke: #b0b0b0; stroke-width: 0.8; stroke-linecap: square"/>
     </g>
     <g id="text_3">
      <!-- 90° -->
      <g transform="translate(304.49325 161.854437)scale(0.1 -0.1)">
       <defs>
        <path id="DejaVuSans-39" d="M 703 97 
L 703 672 
Q 941 559 1184 500 
Q 1428 441 1663 441 
Q 2288 441 2617 861 
Q 2947 1281 2994 2138 
Q 2813 1869 2534 1725 
Q 2256 1581 1919 1581 
Q 1219 1581 811 2004 
Q 403 2428 403 3163 
Q 403 3881 828 4315 
Q 1253 4750 1959 4750 
Q 2769 4750 3195 4129 
Q 3622 3509 3622 2328 
Q 3622 1225 3098 567 
Q 2575 -91 1691 -91 
Q 1453 -91 1209 -44 
Q 966 3 703 97 
z
M 1959 2075 
Q 2384 2075 2632 2365 
Q 2881 2656 2881 3163 
Q 2881 3666 2632 3958 
Q 2384 4250 1959 4250 
Q 1534 4250 1286 3958 
Q 1038 3666 1038 3163 
Q 1038 2656 1286 2365 
Q 1534 2075 1959 2075 
z
" transform="scale(0.015625)"/>
       </defs>
       <use xlink:href="#DejaVuSans-39"/>
       <use xlink:href="#DejaVuSans-30" x="63.623047"/>
       <use xlink:href="#DejaVuSans-b0" x="127.246094"/>
      </g>
     </g>
    </g>
    <g id="xtick_4">
     <g id="line2d_4">
      <path d="M 166.29975 159.095062 
L 260.38455 253.179862 
" clip-path="url(#p78a2ebb9ee)" style="fill: none; stroke: #b0b0b0; stroke-width: 0.8; stroke-linecap: square"/>
     </g>
     <g id="text_4">
      <!-- 135° -->
      <g transform="translate(258.240295 265.838732)scale(0.1 -0.1)">
       <defs>
        <path id="DejaVuSans-31" d="M 794 531 
L 1825 531 
L 1825 4091 
L 703 3866 
L 703 4441 
L 1819 4666 
L 2450 4666 
L 2450 531 
L 3481 531 
L 3481 0 
L 794 0 
L 794 531 
z
" transform="scale(0.015625)"/>
        <path id="DejaVuSans-33" d="M 2597 2516 
Q 3050 2419 3304 2112 
Q 3559 1806 3559 1356 
Q 3559 666 3084 287 
Q 2609 -91 1734 -91 
Q 1441 -91 1130 -33 
Q 819 25 488 141 
L 488 750 
Q 750 597 1062 519 
Q 1375 441 1716 441 
Q 2309 441 2620 675 
Q 2931 909 2931 1356 
Q 2931 1769 2642 2001 
Q 2353 2234 1838 2234 
L 1294 2234 
L 1294 2753 
L 1863 2753 
Q 2328 2753 2575 2939 
Q 2822 3125 2822 3475 
Q 2822 3834 2567 4026 
Q 2313 4219 1838 4219 
Q 1578 4219 1281 4162 
Q 984 4106 628 3988 
L 628 4550 
Q 988 4650 1302 4700 
Q 1616 4750 1894 4750 
Q 2613 4750 3031 4423 
Q 3450 4097 3450 3541 
Q 3450 3153 3228 2886 
Q 3006 2619 2597 2516 
z
" transform="scale(0.015625)"/>
       </defs>
       <use xlink:href="#DejaVuSans-31"/>
       <use xlink:href="#DejaVuSans-33" x="63.623047"/>
       <use xlink:href="#DejaVuSans-35" x="127.246094"/>
       <use xlink:href="#DejaVuSans-b0" x="190.869141"/>
      </g>
     </g>
    </g>
    <g id="xtick_5">
     <g id="line2d_5">
      <path d="M 166.29975 159.095062 
L 166.29975 292.151062 
" clip-path="url(#p78a2ebb9ee)" style="fill: none; stroke: #b0b0b0; stroke-width: 0.8; stroke-linecap: square"/>
     </g>
     <g id="text_5">
      <!-- 180° -->
      <g transform="translate(154.256 308.910437)scale(0.1 -0.1)">
       <defs>
        <path id="DejaVuSans-38" d="M 2034 2216 
Q 1584 2216 1326 1975 
Q 1069 1734 1069 1313 
Q 1069 891 1326 650 
Q 1584 409 2034 409 
Q 2484 409 2743 651 
Q 3003 894 3003 1313 
Q 3003 1734 2745 1975 
Q 2488 2216 2034 2216 
z
M 1403 2484 
Q 997 2584 770 2862 
Q 544 3141 544 3541 
Q 544 4100 942 4425 
Q 1341 4750 2034 4750 
Q 2731 4750 3128 4425 
Q 3525 4100 3525 3541 
Q 3525 3141 3298 2862 
Q 3072 2584 2669 2484 
Q 3125 2378 3379 2068 
Q 3634 1759 3634 1313 
Q 3634 634 3220 271 
Q 2806 -91 2034 -91 
Q 1263 -91 848 271 
Q 434 634 434 1313 
Q 434 1759 690 2068 
Q 947 2378 1403 2484 
z
M 1172 3481 
Q 1172 3119 1398 2916 
Q 1625 2713 2034 2713 
Q 2441 2713 2670 2916 
Q 2900 3119 2900 3481 
Q 2900 3844 2670 4047 
Q 2441 4250 2034 4250 
Q 1625 4250 1398 4047 
Q 1172 3844 1172 3481 
z
" transform="scale(0.015625)"/>
       </defs>
       <use xlink:href="#DejaVuSans-31"/>
       <use xlink:href="#DejaVuSans-38" x="63.623047"/>
       <use xlink:href="#DejaVuSans-30" x="127.246094"/>
       <use xlink:href="#DejaVuSans-b0" x="190.869141"/>
      </g>
     </g>
    </g>
    <g id="xtick_6">
     <g id="line2d_6">
      <path d="M 166.29975 159.095062 
L 72.21495 253.179862 
" clip-path="url(#p78a2ebb9ee)" style="fill: none; stroke: #b0b0b0; stroke-width: 0.8; stroke-linecap: square"/>
     </g>
     <g id="text_6">
      <!-- 225° -->
      <g transform="translate(50.271705 265.838732)scale(0.1 -0.1)">
       <defs>
        <path id="DejaVuSans-32" d="M 1228 531 
L 3431 531 
L 3431 0 
L 469 0 
L 469 531 
Q 828 903 1448 1529 
Q 2069 2156 2228 2338 
Q 2531 2678 2651 2914 
Q 2772 3150 2772 3378 
Q 2772 3750 2511 3984 
Q 2250 4219 1831 4219 
Q 1534 4219 1204 4116 
Q 875 4013 500 3803 
L 500 4441 
Q 881 4594 1212 4672 
Q 1544 4750 1819 4750 
Q 2544 4750 2975 4387 
Q 3406 4025 3406 3419 
Q 3406 3131 3298 2873 
Q 3191 2616 2906 2266 
Q 2828 2175 2409 1742 
Q 1991 1309 1228 531 
z
" transform="scale(0.015625)"/>
       </defs>
       <use xlink:href="#DejaVuSans-32"/>
       <use xlink:href="#DejaVuSans-32" x="63.623047"/>
       <use xlink:href="#DejaVuSans-35" x="127.246094"/>
       <use xlink:href="#DejaVuSans-b0" x="190.869141"/>
      </g>
     </g>
    </g>
    <g id="xtick_7">
     <g id="line2d_7">
      <path d="M 166.29975 159.095062 
L 33.24375 159.095062 
" clip-path="url(#p78a2ebb9ee)" style="fill: none; stroke: #b0b0b0; stroke-width: 0.8; stroke-linecap: square"/>
     </g>
     <g id="text_7">
      <!-- 270° -->
      <g transform="translate(7.2 161.854437)scale(0.1 -0.1)">
       <defs>
        <path id="DejaVuSans-37" d="M 525 4666 
L 3525 4666 
L 3525 4397 
L 1831 0 
L 1172 0 
L 2766 4134 
L 525 4134 
L 525 4666 
z
" transform="scale(0.015625)"/>
       </defs>
       <use xlink:href="#DejaVuSans-32"/>
       <use xlink:href="#DejaVuSans-37" x="63.623047"/>
       <use xlink:href="#DejaVuSans-30" x="127.246094"/>
       <use xlink:href="#DejaVuSans-b0" x="190.869141"/>
      </g>
     </g>
    </g>
    <g id="xtick_8">
     <g id="line2d_8">
      <path d="M 166.29975 159.095062 
L 72.21495 65.010263 
" clip-path="url(#p78a2ebb9ee)" style="fill: none; stroke: #b0b0b0; stroke-width: 0.8; stroke-linecap: square"/>
     </g>
     <g id="text_8">
      <!-- 315° -->
      <g transform="translate(50.271705 57.870143)scale(0.1 -0.1)">
       <use xlink:href="#DejaVuSans-33"/>
       <use xlink:href="#DejaVuSans-31" x="63.623047"/>
       <use xlink:href="#DejaVuSans-35" x="127.246094"/>
       <use xlink:href="#DejaVuSans-b0" x="190.869141"/>
      </g>
     </g>
    </g>
   </g>
   <g id="matplotlib.axis_2">
    <g id="ytick_1">
     <g id="line2d_9">
      <path d="M 166.29975 133.561705 
C 169.65276 133.561705 172.973166 134.222175 176.070943 135.505316 
C 179.16872 136.788458 181.983624 138.669317 184.35456 141.040252 
C 186.725496 143.411188 188.606355 146.226093 189.889496 149.32387 
C 191.172637 152.421647 191.833107 155.742053 191.833107 159.095062 
C 191.833107 162.448072 191.172637 165.768478 189.889496 168.866255 
C 188.606355 171.964032 186.725496 174.778937 184.35456 177.149873 
C 181.983624 179.520808 179.16872 181.401667 176.070943 182.684809 
C 172.973166 183.96795 169.65276 184.62842 166.29975 184.62842 
C 162.94674 184.62842 159.626334 183.96795 156.528557 182.684809 
C 153.43078 181.401667 150.615876 179.520808 148.24494 177.149873 
C 145.874004 174.778937 143.993145 171.964032 142.710004 168.866255 
C 141.426863 165.768478 140.766393 162.448072 140.766393 159.095062 
C 140.766393 155.742053 141.426863 152.421647 142.710004 149.32387 
C 143.993145 146.226093 145.874004 143.411188 148.24494 141.040252 
C 150.615876 138.669317 153.43078 136.788458 156.528557 135.505316 
C 159.626334 134.222175 162.94674 133.561705 166.29975 133.561705 
" clip-path="url(#p78a2ebb9ee)" style="fill: none; stroke: #b0b0b0; stroke-width: 0.8; stroke-linecap: square"/>
     </g>
     <g id="text_9">
      <!-- 0.2 -->
      <g transform="translate(179.066429 134.902839)scale(0.1 -0.1)">
       <defs>
        <path id="DejaVuSans-2e" d="M 684 794 
L 1344 794 
L 1344 0 
L 684 0 
L 684 794 
z
" transform="scale(0.015625)"/>
       </defs>
       <use xlink:href="#DejaVuSans-30"/>
       <use xlink:href="#DejaVuSans-2e" x="63.623047"/>
       <use xlink:href="#DejaVuSans-32" x="95.410156"/>
      </g>
     </g>
    </g>
    <g id="ytick_2">
     <g id="line2d_10">
      <path d="M 166.29975 108.028348 
C 173.005769 108.028348 179.646581 109.349288 185.842136 111.91557 
C 192.03769 114.481853 197.667498 118.243571 202.40937 122.985442 
C 207.151242 127.727314 210.91296 133.357123 213.479242 139.552677 
C 216.045525 145.748231 217.366464 152.389043 217.366464 159.095062 
C 217.366464 165.801082 216.045525 172.441894 213.479242 178.637448 
C 210.91296 184.833002 207.151242 190.462811 202.40937 195.204683 
C 197.667498 199.946554 192.03769 203.708272 185.842136 206.274555 
C 179.646581 208.840837 173.005769 210.161777 166.29975 210.161777 
C 159.593731 210.161777 152.952919 208.840837 146.757364 206.274555 
C 140.56181 203.708272 134.932002 199.946554 130.19013 195.204683 
C 125.448258 190.462811 121.68654 184.833002 119.120258 178.637448 
C 116.553975 172.441894 115.233036 165.801082 115.233036 159.095062 
C 115.233036 152.389043 116.553975 145.748231 119.120258 139.552677 
C 121.68654 133.357123 125.448258 127.727314 130.19013 122.985442 
C 134.932002 118.243571 140.56181 114.481853 146.757364 111.91557 
C 152.952919 109.349288 159.593731 108.028348 166.29975 108.028348 
" clip-path="url(#p78a2ebb9ee)" style="fill: none; stroke: #b0b0b0; stroke-width: 0.8; stroke-linecap: square"/>
     </g>
     <g id="text_10">
      <!-- 0.4 -->
      <g transform="translate(191.833107 112.790303)scale(0.1 -0.1)">
       <use xlink:href="#DejaVuSans-30"/>
       <use xlink:href="#DejaVuSans-2e" x="63.623047"/>
       <use xlink:href="#DejaVuSans-34" x="95.410156"/>
      </g>
     </g>
    </g>
    <g id="ytick_3">
     <g id="line2d_11">
      <path d="M 166.29975 82.494991 
C 176.358779 82.494991 186.319997 84.4764 195.613328 88.325824 
C 204.90666 92.175248 213.351372 97.817825 220.46418 104.930632 
C 227.576988 112.04344 233.219564 120.488153 237.068988 129.781484 
C 240.918412 139.074815 242.899822 149.036033 242.899822 159.095062 
C 242.899822 169.154092 240.918412 179.11531 237.068988 188.408641 
C 233.219564 197.701972 227.576988 206.146685 220.46418 213.259493 
C 213.351372 220.3723 204.90666 226.014877 195.613328 229.864301 
C 186.319997 233.713725 176.358779 235.695134 166.29975 235.695134 
C 156.240721 235.695134 146.279503 233.713725 136.986172 229.864301 
C 127.69284 226.014877 119.248128 220.3723 112.13532 213.259493 
C 105.022512 206.146685 99.379936 197.701972 95.530512 188.408641 
C 91.681088 179.11531 89.699678 169.154092 89.699678 159.095062 
C 89.699678 149.036033 91.681088 139.074815 95.530512 129.781484 
C 99.379936 120.488153 105.022512 112.04344 112.13532 104.930632 
C 119.248128 97.817825 127.69284 92.175248 136.986172 88.325824 
C 146.279503 84.4764 156.240721 82.494991 166.29975 82.494991 
" clip-path="url(#p78a2ebb9ee)" style="fill: none; stroke: #b0b0b0; stroke-width: 0.8; stroke-linecap: square"/>
     </g>
     <g id="text_11">
      <!-- 0.6 -->
      <g transform="translate(204.599786 90.677767)scale(0.1 -0.1)">
       <defs>
        <path id="DejaVuSans-36" d="M 2113 2584 
Q 1688 2584 1439 2293 
Q 1191 2003 1191 1497 
Q 1191 994 1439 701 
Q 1688 409 2113 409 
Q 2538 409 2786 701 
Q 3034 994 3034 1497 
Q 3034 2003 2786 2293 
Q 2538 2584 2113 2584 
z
M 3366 4563 
L 3366 3988 
Q 3128 4100 2886 4159 
Q 2644 4219 2406 4219 
Q 1781 4219 1451 3797 
Q 1122 3375 1075 2522 
Q 1259 2794 1537 2939 
Q 1816 3084 2150 3084 
Q 2853 3084 3261 2657 
Q 3669 2231 3669 1497 
Q 3669 778 3244 343 
Q 2819 -91 2113 -91 
Q 1303 -91 875 529 
Q 447 1150 447 2328 
Q 447 3434 972 4092 
Q 1497 4750 2381 4750 
Q 2619 4750 2861 4703 
Q 3103 4656 3366 4563 
z
" transform="scale(0.015625)"/>
       </defs>
       <use xlink:href="#DejaVuSans-30"/>
       <use xlink:href="#DejaVuSans-2e" x="63.623047"/>
       <use xlink:href="#DejaVuSans-36" x="95.410156"/>
      </g>
     </g>
    </g>
    <g id="ytick_4">
     <g id="line2d_12">
      <path d="M 166.29975 56.961634 
C 179.711789 56.961634 192.993413 59.603513 205.384521 64.736078 
C 217.775629 69.868643 229.035246 77.392079 238.51899 86.875822 
C 248.002734 96.359566 255.526169 107.619183 260.658734 120.010291 
C 265.7913 132.4014 268.433179 145.683024 268.433179 159.095062 
C 268.433179 172.507101 265.7913 185.788725 260.658734 198.179834 
C 255.526169 210.570942 248.002734 221.830559 238.51899 231.314303 
C 229.035246 240.798046 217.775629 248.321482 205.384521 253.454047 
C 192.993413 258.586612 179.711789 261.228491 166.29975 261.228491 
C 152.887711 261.228491 139.606087 258.586612 127.214979 253.454047 
C 114.823871 248.321482 103.564254 240.798046 94.08051 231.314303 
C 84.596766 221.830559 77.073331 210.570942 71.940766 198.179834 
C 66.8082 185.788725 64.166321 172.507101 64.166321 159.095062 
C 64.166321 145.683024 66.8082 132.4014 71.940766 120.010291 
C 77.073331 107.619183 84.596766 96.359566 94.08051 86.875822 
C 103.564254 77.392079 114.823871 69.868643 127.214979 64.736078 
C 139.606087 59.603513 152.887711 56.961634 166.29975 56.961634 
" clip-path="url(#p78a2ebb9ee)" style="fill: none; stroke: #b0b0b0; stroke-width: 0.8; stroke-linecap: square"/>
     </g>
     <g id="text_12">
      <!-- 0.8 -->
      <g transform="translate(217.366464 68.565231)scale(0.1 -0.1)">
       <use xlink:href="#DejaVuSans-30"/>
       <use xlink:href="#DejaVuSans-2e" x="63.623047"/>
       <use xlink:href="#DejaVuSans-38" x="95.410156"/>
      </g>
     </g>
    </g>
    <g id="ytick_5">
     <g id="line2d_13">
      <path d="M 166.29975 31.428277 
C 183.064799 31.428277 199.666828 34.730626 215.155714 41.146332 
C 230.644599 47.562038 244.71912 56.966333 256.5738 68.821012 
C 268.42848 80.675692 277.832774 94.750213 284.248481 110.239099 
C 290.664187 125.727984 293.966536 142.330014 293.966536 159.095062 
C 293.966536 175.860111 290.664187 192.462141 284.248481 207.951026 
C 277.832774 223.439912 268.42848 237.514433 256.5738 249.369113 
C 244.71912 261.223792 230.644599 270.628087 215.155714 277.043793 
C 199.666828 283.459499 183.064799 286.761848 166.29975 286.761848 
C 149.534701 286.761848 132.932672 283.459499 117.443786 277.043793 
C 101.954901 270.628087 87.88038 261.223792 76.0257 249.369113 
C 64.17102 237.514433 54.766726 223.439912 48.351019 207.951026 
C 41.935313 192.462141 38.632964 175.860111 38.632964 159.095062 
C 38.632964 142.330014 41.935313 125.727984 48.351019 110.239099 
C 54.766726 94.750213 64.17102 80.675692 76.0257 68.821012 
C 87.88038 56.966333 101.954901 47.562038 117.443786 41.146332 
C 132.932672 34.730626 149.534701 31.428277 166.29975 31.428277 
" clip-path="url(#p78a2ebb9ee)" style="fill: none; stroke: #b0b0b0; stroke-width: 0.8; stroke-linecap: square"/>
     </g>
     <g id="text_13">
      <!-- 1.0 -->
      <g transform="translate(230.133143 46.452695)scale(0.1 -0.1)">
       <use xlink:href="#DejaVuSans-31"/>
       <use xlink:href="#DejaVuSans-2e" x="63.623047"/>
       <use xlink:href="#DejaVuSans-30" x="95.410156"/>
      </g>
     </g>
    </g>
   </g>
   <g id="line2d_14">
    <path d="M 166.29975 179.413215 
L 164.867814 179.759462 
L 164.229566 179.597478 
L 163.387211 179.088404 
L 162.566453 178.645647 
L 161.824783 178.520073 
L 159.874071 178.435732 
L 159.195138 178.0563 
L 158.319432 177.515824 
L 157.782464 177.473488 
L 157.086879 177.730727 
L 156.153279 178.382171 
L 154.518237 179.876863 
L 150.987603 183.531167 
L 140.60098 194.419642 
L 134.56708 200.48356 
L 129.444633 205.331219 
L 126.493557 207.764627 
L 125.486553 208.360307 
L 124.941017 208.384481 
L 124.898069 207.810118 
L 125.316357 206.707812 
L 127.111967 203.480119 
L 130.680734 197.935734 
L 136.959024 188.76052 
L 145.945511 175.68918 
L 147.476127 173.10873 
L 148.295044 171.305406 
L 148.597022 170.149215 
L 148.632143 169.074417 
L 148.41368 168.042595 
L 147.807025 166.52605 
L 146.840369 164.063995 
L 146.365547 162.223419 
L 146.108129 160.334815 
L 146.074403 158.426984 
L 146.265064 156.529521 
L 146.675882 154.67166 
L 147.33759 152.762014 
L 148.586446 149.454069 
L 148.641985 148.451168 
L 148.45826 147.400677 
L 147.959468 146.058698 
L 147.024609 144.268579 
L 145.172171 141.310234 
L 141.006806 135.2324 
L 131.276431 121.144247 
L 127.676617 115.625833 
L 125.667916 112.189881 
L 125.054974 110.872767 
L 124.857455 110.020305 
L 125.151606 109.742251 
L 125.937937 110.061621 
L 127.13834 110.90541 
L 130.286854 113.622856 
L 135.39314 118.520367 
L 142.508 125.734712 
L 156.285876 139.913852 
L 157.37121 140.597292 
L 157.998358 140.730309 
L 158.494924 140.603042 
L 159.357621 140.02172 
L 160.057505 139.696768 
L 160.835398 139.623284 
L 162.385902 139.599119 
L 163.095599 139.288356 
L 164.545198 138.480572 
L 165.194788 138.446013 
L 166.107492 138.716897 
L 166.745773 138.836672 
L 167.132671 138.732423 
L 167.536825 138.415532 
L 168.132647 137.560087 
L 168.841513 136.095274 
L 170.259283 132.501099 
L 176.898065 114.995727 
L 181.426294 103.859745 
L 188.308838 87.62938 
L 203.755464 52.014206 
L 207.402607 43.917049 
L 209.911515 39.272724 
L 210.060941 41.175124 
L 207.403843 54.432677 
L 207.180541 56.895115 
L 207.328603 58.366829 
L 207.832561 58.937363 
L 208.69774 58.641252 
L 209.952293 57.45797 
L 211.64616 55.319023 
L 213.835481 52.147085 
L 219.134282 44.143624 
L 220.15995 43.828172 
L 218.441289 49.311968 
L 212.437582 65.024627 
L 194.056361 111.880365 
L 189.003452 124.098297 
L 181.487471 142.001718 
L 181.105189 143.647344 
L 181.092046 144.602084 
L 181.293922 145.301122 
L 181.734336 145.935748 
L 182.790039 146.898908 
L 183.791196 147.942113 
L 184.498053 149.041218 
L 185.119355 150.480922 
L 185.716281 152.474232 
L 186.205943 154.870413 
L 186.477826 157.281744 
L 186.532098 159.699684 
L 186.369149 162.115427 
L 185.988345 164.520203 
L 185.386058 166.904353 
L 184.700821 168.7385 
L 184.061792 169.878111 
L 183.315479 170.791618 
L 181.214392 173.077913 
L 181.070676 173.842781 
L 181.159945 174.895648 
L 181.540176 176.356747 
L 182.458281 178.851502 
L 184.627154 183.957022 
L 190.583257 197.848239 
L 195.443529 209.757369 
L 202.859066 228.589522 
L 216.985848 264.953445 
L 219.589226 272.21167 
L 219.981018 274.927397 
L 217.885752 272.266634 
L 212.676484 264.325848 
L 210.740534 261.676576 
L 209.273682 260.02629 
L 208.218782 259.292459 
L 207.536286 259.42886 
L 207.209559 260.442141 
L 207.244143 262.394886 
L 207.663211 265.399169 
L 210.251435 278.679881 
L 208.920655 277.350812 
L 205.611007 270.356755 
L 195.799832 247.887439 
L 183.176076 218.513577 
L 178.080264 206.154942 
L 174.032461 195.815159 
L 168.382075 181.101596 
L 167.750546 180.03164 
L 167.198424 179.494065 
L 166.682016 179.352233 
L 166.29975 179.413215 
L 166.29975 179.413215 
" clip-path="url(#p78a2ebb9ee)" style="fill: none; stroke: #1f77b4; stroke-width: 1.5; stroke-linecap: square"/>
   </g>
   <g id="patch_3">
    <path d="M 166.29975 26.039062 
C 148.826996 26.039062 131.524143 29.480814 115.381423 36.167347 
C 99.238704 42.853881 84.570053 52.65516 72.21495 65.010263 
C 59.859847 77.365365 50.058568 92.034016 43.372035 108.176736 
C 36.685502 124.319455 33.24375 141.622309 33.24375 159.095062 
C 33.24375 176.567816 36.685502 193.87067 43.372035 210.013389 
C 50.058568 226.156109 59.859847 240.82476 72.21495 253.179862 
C 84.570053 265.534965 99.238704 275.336244 115.381423 282.022778 
C 131.524143 288.709311 148.826996 292.151062 166.29975 292.151062 
C 183.772504 292.151062 201.075357 288.709311 217.218077 282.022778 
C 233.360796 275.336244 248.029447 265.534965 260.38455 253.179862 
C 272.739653 240.82476 282.540932 226.156109 289.227465 210.013389 
C 295.913998 193.87067 299.35575 176.567816 299.35575 159.095062 
C 299.35575 141.622309 295.913998 124.319455 289.227465 108.176736 
C 282.540932 92.034016 272.739653 77.365365 260.38455 65.010263 
C 248.029447 52.65516 233.360796 42.853881 217.218077 36.167347 
C 201.075357 29.480814 183.772504 26.039062 166.29975 26.039062 
" style="fill: none; stroke: #000000; stroke-width: 0.8; stroke-linejoin: miter; stroke-linecap: square"/>
   </g>
  </g>
 </g>
 <defs>
  <clipPath id="p78a2ebb9ee">
   <path d="M 299.35575 159.095062 
C 299.35575 141.622309 295.913998 124.319455 289.227465 108.176736 
C 282.540932 92.034016 272.739653 77.365365 260.38455 65.010263 
C 248.029447 52.65516 233.360796 42.853881 217.218077 36.167347 
C 201.075357 29.480814 183.772504 26.039062 166.29975 26.039062 
C 148.826996 26.039062 131.524143 29.480814 115.381423 36.167347 
C 99.238704 42.853881 84.570053 52.65516 72.21495 65.010263 
C 59.859847 77.365365 50.058568 92.034016 43.372035 108.176736 
C 36.685502 124.319455 33.24375 141.622309 33.24375 159.095062 
C 33.24375 176.567816 36.685502 193.87067 43.372035 210.013389 
C 50.058568 226.156109 59.859847 240.82476 72.21495 253.179862 
C 84.570053 265.534965 99.238704 275.336244 115.381423 282.022778 
C 131.524143 288.709311 148.826996 292.151062 166.29975 292.151062 
C 183.772504 292.151062 201.075357 288.709311 217.218077 282.022778 
C 233.360796 275.336244 248.029447 265.534965 260.38455 253.179862 
C 272.739653 240.82476 282.540932 226.156109 289.227465 210.013389 
C 295.913998 193.87067 299.35575 176.567816 299.35575 159.095062 
M 166.29975 159.095062 
C 166.29975 159.095062 166.29975 159.095062 166.29975 159.095062 
C 166.29975 159.095062 166.29975 159.095062 166.29975 159.095062 
C 166.29975 159.095062 166.29975 159.095062 166.29975 159.095062 
C 166.29975 159.095062 166.29975 159.095062 166.29975 159.095062 
C 166.29975 159.095062 166.29975 159.095062 166.29975 159.095062 
C 166.29975 159.095062 166.29975 159.095062 166.29975 159.095062 
C 166.29975 159.095062 166.29975 159.095062 166.29975 159.095062 
C 166.29975 159.095062 166.29975 159.095062 166.29975 159.095062 
C 166.29975 159.095062 166.29975 159.095062 166.29975 159.095062 
C 166.29975 159.095062 166.29975 159.095062 166.29975 159.095062 
C 166.29975 159.095062 166.29975 159.095062 166.29975 159.095062 
C 166.29975 159.095062 166.29975 159.095062 166.29975 159.095062 
C 166.29975 159.095062 166.29975 159.095062 166.29975 159.095062 
C 166.29975 159.095062 166.29975 159.095062 166.29975 159.095062 
C 166.29975 159.095062 166.29975 159.095062 166.29975 159.095062 
C 166.29975 159.095062 166.29975 159.095062 166.29975 159.095062 
M 299.35575 159.095062 
z
"/>
  </clipPath>
 </defs>
</svg>
