<?xml version="1.0" encoding="utf-8" standalone="no"?>
<!DOCTYPE svg PUBLIC "-//W3C//DTD SVG 1.1//EN"
  "http://www.w3.org/Graphics/SVG/1.1/DTD/svg11.dtd">
<svg xmlns:xlink="http://www.w3.org/1999/xlink" width="329.41825pt" height="318.190125pt" viewBox="0 0 329.41825 318.190125" xmlns="http://www.w3.org/2000/svg" version="1.1">
 <metadata>
  <rdf:RDF xmlns:dc="http://purl.org/dc/elements/1.1/" xmlns:cc="http://creativecommons.org/ns#" xmlns:rdf="http://www.w3.org/1999/02/22-rdf-syntax-ns#">
   <cc:Work>
    <dc:type rdf:resource="http://purl.org/dc/dcmitype/StillImage"/>
    <dc:date>2023-04-04T03:45:32.615601</dc:date>
    <dc:format>image/svg+xml</dc:format>
    <dc:creator>
     <cc:Agent>
      <dc:title>Matplotlib v3.5.1, https://matplotlib.org/</dc:title>
     </cc:Agent>
    </dc:creator>
   </cc:Work>
  </rdf:RDF>
 </metadata>
 <defs>
  <style type="text/css">*{stroke-linejoin: round; stroke-linecap: butt}</style>
 </defs>
 <g id="figure_1">
  <g id="patch_1">
   <path d="M 0 318.190125 
L 329.41825 318.190125 
L 329.41825 0 
L 0 0 
z
" style="fill: #ffffff"/>
  </g>
  <g id="axes_1">
   <g id="patch_2">
    <path d="M 299.35575 159.095062 
C 299.35575 141.622309 295.913998 124.319455 289.227465 108.176736 
C 282.540932 92.034016 272.739653 77.365365 260.38455 65.010263 
C 248.029447 52.65516 233.360796 42.853881 217.218077 36.167347 
C 201.075357 29.480814 183.772504 26.039062 166.29975 26.039062 
C 148.826996 26.039062 131.524143 29.480814 115.381423 36.167347 
C 99.238704 42.853881 84.570053 52.65516 72.21495 65.010263 
C 59.859847 77.365365 50.058568 92.034016 43.372035 108.176736 
C 36.685502 124.319455 33.24375 141.622309 33.24375 159.095062 
C 33.24375 176.567816 36.685502 193.87067 43.372035 210.013389 
C 50.058568 226.156109 59.859847 240.82476 72.21495 253.179862 
C 84.570053 265.534965 99.238704 275.336244 115.381423 282.022778 
C 131.524143 288.709311 148.826996 292.151062 166.29975 292.151062 
C 183.772504 292.151062 201.075357 288.709311 217.218077 282.022778 
C 233.360796 275.336244 248.029447 265.534965 260.38455 253.179862 
C 272.739653 240.82476 282.540932 226.156109 289.227465 210.013389 
C 295.913998 193.87067 299.35575 176.567816 299.35575 159.095062 
M 166.29975 159.095062 
C 166.29975 159.095062 166.29975 159.095062 166.29975 159.095062 
C 166.29975 159.095062 166.29975 159.095062 166.29975 159.095062 
C 166.29975 159.095062 166.29975 159.095062 166.29975 159.095062 
C 166.29975 159.095062 166.29975 159.095062 166.29975 159.095062 
C 166.29975 159.095062 166.29975 159.095062 166.29975 159.095062 
C 166.29975 159.095062 166.29975 159.095062 166.29975 159.095062 
C 166.29975 159.095062 166.29975 159.095062 166.29975 159.095062 
C 166.29975 159.095062 166.29975 159.095062 166.29975 159.095062 
C 166.29975 159.095062 166.29975 159.095062 166.29975 159.095062 
C 166.29975 159.095062 166.29975 159.095062 166.29975 159.095062 
C 166.29975 159.095062 166.29975 159.095062 166.29975 159.095062 
C 166.29975 159.095062 166.29975 159.095062 166.29975 159.095062 
C 166.29975 159.095062 166.29975 159.095062 166.29975 159.095062 
C 166.29975 159.095062 166.29975 159.095062 166.29975 159.095062 
C 166.29975 159.095062 166.29975 159.095062 166.29975 159.095062 
C 166.29975 159.095062 166.29975 159.095062 166.29975 159.095062 
M 299.35575 159.095062 
z
" style="fill: #ffffff"/>
   </g>
   <g id="matplotlib.axis_1">
    <g id="xtick_1">
     <g id="line2d_1">
      <path d="M 166.29975 159.095062 
L 166.29975 26.039062 
" clip-path="url(#pe5f348b92f)" style="fill: none; stroke: #b0b0b0; stroke-width: 0.8; stroke-linecap: square"/>
     </g>
     <g id="text_1">
      <!-- 0° -->
      <g transform="translate(160.6185 14.798437)scale(0.1 -0.1)">
       <defs>
        <path id="DejaVuSans-30" d="M 2034 4250 
Q 1547 4250 1301 3770 
Q 1056 3291 1056 2328 
Q 1056 1369 1301 889 
Q 1547 409 2034 409 
Q 2525 409 2770 889 
Q 3016 1369 3016 2328 
Q 3016 3291 2770 3770 
Q 2525 4250 2034 4250 
z
M 2034 4750 
Q 2819 4750 3233 4129 
Q 3647 3509 3647 2328 
Q 3647 1150 3233 529 
Q 2819 -91 2034 -91 
Q 1250 -91 836 529 
Q 422 1150 422 2328 
Q 422 3509 836 4129 
Q 1250 4750 2034 4750 
z
" transform="scale(0.015625)"/>
        <path id="DejaVuSans-b0" d="M 1600 4347 
Q 1350 4347 1178 4173 
Q 1006 4000 1006 3750 
Q 1006 3503 1178 3333 
Q 1350 3163 1600 3163 
Q 1850 3163 2022 3333 
Q 2194 3503 2194 3750 
Q 2194 3997 2020 4172 
Q 1847 4347 1600 4347 
z
M 1600 4750 
Q 1800 4750 1984 4673 
Q 2169 4597 2303 4453 
Q 2447 4313 2519 4134 
Q 2591 3956 2591 3750 
Q 2591 3338 2302 3052 
Q 2013 2766 1594 2766 
Q 1172 2766 890 3047 
Q 609 3328 609 3750 
Q 609 4169 896 4459 
Q 1184 4750 1600 4750 
z
" transform="scale(0.015625)"/>
       </defs>
       <use xlink:href="#DejaVuSans-30"/>
       <use xlink:href="#DejaVuSans-b0" x="63.623047"/>
      </g>
     </g>
    </g>
    <g id="xtick_2">
     <g id="line2d_2">
      <path d="M 166.29975 159.095062 
L 260.38455 65.010263 
" clip-path="url(#pe5f348b92f)" style="fill: none; stroke: #b0b0b0; stroke-width: 0.8; stroke-linecap: square"/>
     </g>
     <g id="text_2">
      <!-- 45° -->
      <g transform="translate(261.421545 57.870143)scale(0.1 -0.1)">
       <defs>
        <path id="DejaVuSans-34" d="M 2419 4116 
L 825 1625 
L 2419 1625 
L 2419 4116 
z
M 2253 4666 
L 3047 4666 
L 3047 1625 
L 3713 1625 
L 3713 1100 
L 3047 1100 
L 3047 0 
L 2419 0 
L 2419 1100 
L 313 1100 
L 313 1709 
L 2253 4666 
z
" transform="scale(0.015625)"/>
        <path id="DejaVuSans-35" d="M 691 4666 
L 3169 4666 
L 3169 4134 
L 1269 4134 
L 1269 2991 
Q 1406 3038 1543 3061 
Q 1681 3084 1819 3084 
Q 2600 3084 3056 2656 
Q 3513 2228 3513 1497 
Q 3513 744 3044 326 
Q 2575 -91 1722 -91 
Q 1428 -91 1123 -41 
Q 819 9 494 109 
L 494 744 
Q 775 591 1075 516 
Q 1375 441 1709 441 
Q 2250 441 2565 725 
Q 2881 1009 2881 1497 
Q 2881 1984 2565 2268 
Q 2250 2553 1709 2553 
Q 1456 2553 1204 2497 
Q 953 2441 691 2322 
L 691 4666 
z
" transform="scale(0.015625)"/>
       </defs>
       <use xlink:href="#DejaVuSans-34"/>
       <use xlink:href="#DejaVuSans-35" x="63.623047"/>
       <use xlink:href="#DejaVuSans-b0" x="127.246094"/>
      </g>
     </g>
    </g>
    <g id="xtick_3">
     <g id="line2d_3">
      <path d="M 166.29975 159.095062 
L 299.35575 159.095062 
" clip-path="url(#pe5f348b92f)" style="fill: none; stroke: #b0b0b0; stroke-width: 0.8; stroke-linecap: square"/>
     </g>
     <g id="text_3">
      <!-- 90° -->
      <g transform="translate(304.49325 161.854437)scale(0.1 -0.1)">
       <defs>
        <path id="DejaVuSans-39" d="M 703 97 
L 703 672 
Q 941 559 1184 500 
Q 1428 441 1663 441 
Q 2288 441 2617 861 
Q 2947 1281 2994 2138 
Q 2813 1869 2534 1725 
Q 2256 1581 1919 1581 
Q 1219 1581 811 2004 
Q 403 2428 403 3163 
Q 403 3881 828 4315 
Q 1253 4750 1959 4750 
Q 2769 4750 3195 4129 
Q 3622 3509 3622 2328 
Q 3622 1225 3098 567 
Q 2575 -91 1691 -91 
Q 1453 -91 1209 -44 
Q 966 3 703 97 
z
M 1959 2075 
Q 2384 2075 2632 2365 
Q 2881 2656 2881 3163 
Q 2881 3666 2632 3958 
Q 2384 4250 1959 4250 
Q 1534 4250 1286 3958 
Q 1038 3666 1038 3163 
Q 1038 2656 1286 2365 
Q 1534 2075 1959 2075 
z
" transform="scale(0.015625)"/>
       </defs>
       <use xlink:href="#DejaVuSans-39"/>
       <use xlink:href="#DejaVuSans-30" x="63.623047"/>
       <use xlink:href="#DejaVuSans-b0" x="127.246094"/>
      </g>
     </g>
    </g>
    <g id="xtick_4">
     <g id="line2d_4">
      <path d="M 166.29975 159.095062 
L 260.38455 253.179862 
" clip-path="url(#pe5f348b92f)" style="fill: none; stroke: #b0b0b0; stroke-width: 0.8; stroke-linecap: square"/>
     </g>
     <g id="text_4">
      <!-- 135° -->
      <g transform="translate(258.240295 265.838732)scale(0.1 -0.1)">
       <defs>
        <path id="DejaVuSans-31" d="M 794 531 
L 1825 531 
L 1825 4091 
L 703 3866 
L 703 4441 
L 1819 4666 
L 2450 4666 
L 2450 531 
L 3481 531 
L 3481 0 
L 794 0 
L 794 531 
z
" transform="scale(0.015625)"/>
        <path id="DejaVuSans-33" d="M 2597 2516 
Q 3050 2419 3304 2112 
Q 3559 1806 3559 1356 
Q 3559 666 3084 287 
Q 2609 -91 1734 -91 
Q 1441 -91 1130 -33 
Q 819 25 488 141 
L 488 750 
Q 750 597 1062 519 
Q 1375 441 1716 441 
Q 2309 441 2620 675 
Q 2931 909 2931 1356 
Q 2931 1769 2642 2001 
Q 2353 2234 1838 2234 
L 1294 2234 
L 1294 2753 
L 1863 2753 
Q 2328 2753 2575 2939 
Q 2822 3125 2822 3475 
Q 2822 3834 2567 4026 
Q 2313 4219 1838 4219 
Q 1578 4219 1281 4162 
Q 984 4106 628 3988 
L 628 4550 
Q 988 4650 1302 4700 
Q 1616 4750 1894 4750 
Q 2613 4750 3031 4423 
Q 3450 4097 3450 3541 
Q 3450 3153 3228 2886 
Q 3006 2619 2597 2516 
z
" transform="scale(0.015625)"/>
       </defs>
       <use xlink:href="#DejaVuSans-31"/>
       <use xlink:href="#DejaVuSans-33" x="63.623047"/>
       <use xlink:href="#DejaVuSans-35" x="127.246094"/>
       <use xlink:href="#DejaVuSans-b0" x="190.869141"/>
      </g>
     </g>
    </g>
    <g id="xtick_5">
     <g id="line2d_5">
      <path d="M 166.29975 159.095062 
L 166.29975 292.151062 
" clip-path="url(#pe5f348b92f)" style="fill: none; stroke: #b0b0b0; stroke-width: 0.8; stroke-linecap: square"/>
     </g>
     <g id="text_5">
      <!-- 180° -->
      <g transform="translate(154.256 308.910437)scale(0.1 -0.1)">
       <defs>
        <path id="DejaVuSans-38" d="M 2034 2216 
Q 1584 2216 1326 1975 
Q 1069 1734 1069 1313 
Q 1069 891 1326 650 
Q 1584 409 2034 409 
Q 2484 409 2743 651 
Q 3003 894 3003 1313 
Q 3003 1734 2745 1975 
Q 2488 2216 2034 2216 
z
M 1403 2484 
Q 997 2584 770 2862 
Q 544 3141 544 3541 
Q 544 4100 942 4425 
Q 1341 4750 2034 4750 
Q 2731 4750 3128 4425 
Q 3525 4100 3525 3541 
Q 3525 3141 3298 2862 
Q 3072 2584 2669 2484 
Q 3125 2378 3379 2068 
Q 3634 1759 3634 1313 
Q 3634 634 3220 271 
Q 2806 -91 2034 -91 
Q 1263 -91 848 271 
Q 434 634 434 1313 
Q 434 1759 690 2068 
Q 947 2378 1403 2484 
z
M 1172 3481 
Q 1172 3119 1398 2916 
Q 1625 2713 2034 2713 
Q 2441 2713 2670 2916 
Q 2900 3119 2900 3481 
Q 2900 3844 2670 4047 
Q 2441 4250 2034 4250 
Q 1625 4250 1398 4047 
Q 1172 3844 1172 3481 
z
" transform="scale(0.015625)"/>
       </defs>
       <use xlink:href="#DejaVuSans-31"/>
       <use xlink:href="#DejaVuSans-38" x="63.623047"/>
       <use xlink:href="#DejaVuSans-30" x="127.246094"/>
       <use xlink:href="#DejaVuSans-b0" x="190.869141"/>
      </g>
     </g>
    </g>
    <g id="xtick_6">
     <g id="line2d_6">
      <path d="M 166.29975 159.095062 
L 72.21495 253.179862 
" clip-path="url(#pe5f348b92f)" style="fill: none; stroke: #b0b0b0; stroke-width: 0.8; stroke-linecap: square"/>
     </g>
     <g id="text_6">
      <!-- 225° -->
      <g transform="translate(50.271705 265.838732)scale(0.1 -0.1)">
       <defs>
        <path id="DejaVuSans-32" d="M 1228 531 
L 3431 531 
L 3431 0 
L 469 0 
L 469 531 
Q 828 903 1448 1529 
Q 2069 2156 2228 2338 
Q 2531 2678 2651 2914 
Q 2772 3150 2772 3378 
Q 2772 3750 2511 3984 
Q 2250 4219 1831 4219 
Q 1534 4219 1204 4116 
Q 875 4013 500 3803 
L 500 4441 
Q 881 4594 1212 4672 
Q 1544 4750 1819 4750 
Q 2544 4750 2975 4387 
Q 3406 4025 3406 3419 
Q 3406 3131 3298 2873 
Q 3191 2616 2906 2266 
Q 2828 2175 2409 1742 
Q 1991 1309 1228 531 
z
" transform="scale(0.015625)"/>
       </defs>
       <use xlink:href="#DejaVuSans-32"/>
       <use xlink:href="#DejaVuSans-32" x="63.623047"/>
       <use xlink:href="#DejaVuSans-35" x="127.246094"/>
       <use xlink:href="#DejaVuSans-b0" x="190.869141"/>
      </g>
     </g>
    </g>
    <g id="xtick_7">
     <g id="line2d_7">
      <path d="M 166.29975 159.095062 
L 33.24375 159.095062 
" clip-path="url(#pe5f348b92f)" style="fill: none; stroke: #b0b0b0; stroke-width: 0.8; stroke-linecap: square"/>
     </g>
     <g id="text_7">
      <!-- 270° -->
      <g transform="translate(7.2 161.854437)scale(0.1 -0.1)">
       <defs>
        <path id="DejaVuSans-37" d="M 525 4666 
L 3525 4666 
L 3525 4397 
L 1831 0 
L 1172 0 
L 2766 4134 
L 525 4134 
L 525 4666 
z
" transform="scale(0.015625)"/>
       </defs>
       <use xlink:href="#DejaVuSans-32"/>
       <use xlink:href="#DejaVuSans-37" x="63.623047"/>
       <use xlink:href="#DejaVuSans-30" x="127.246094"/>
       <use xlink:href="#DejaVuSans-b0" x="190.869141"/>
      </g>
     </g>
    </g>
    <g id="xtick_8">
     <g id="line2d_8">
      <path d="M 166.29975 159.095062 
L 72.21495 65.010263 
" clip-path="url(#pe5f348b92f)" style="fill: none; stroke: #b0b0b0; stroke-width: 0.8; stroke-linecap: square"/>
     </g>
     <g id="text_8">
      <!-- 315° -->
      <g transform="translate(50.271705 57.870143)scale(0.1 -0.1)">
       <use xlink:href="#DejaVuSans-33"/>
       <use xlink:href="#DejaVuSans-31" x="63.623047"/>
       <use xlink:href="#DejaVuSans-35" x="127.246094"/>
       <use xlink:href="#DejaVuSans-b0" x="190.869141"/>
      </g>
     </g>
    </g>
   </g>
   <g id="matplotlib.axis_2">
    <g id="ytick_1">
     <g id="line2d_9">
      <path d="M 166.29975 133.586471 
C 169.649508 133.586471 172.966693 134.2463 176.061465 135.528197 
C 179.156238 136.810094 181.968412 138.689128 184.337048 141.057764 
C 186.705684 143.426401 188.584719 146.238575 189.866616 149.333347 
C 191.148512 152.42812 191.808342 155.745305 191.808342 159.095062 
C 191.808342 162.44482 191.148512 165.762005 189.866616 168.856778 
C 188.584719 171.95155 186.705684 174.763724 184.337048 177.132361 
C 181.968412 179.500997 179.156238 181.380031 176.061465 182.661928 
C 172.966693 183.943825 169.649508 184.603654 166.29975 184.603654 
C 162.949992 184.603654 159.632807 183.943825 156.538035 182.661928 
C 153.443262 181.380031 150.631088 179.500997 148.262452 177.132361 
C 145.893816 174.763724 144.014781 171.95155 142.732884 168.856778 
C 141.450988 165.762005 140.791158 162.44482 140.791158 159.095062 
C 140.791158 155.745305 141.450988 152.42812 142.732884 149.333347 
C 144.014781 146.238575 145.893816 143.426401 148.262452 141.057764 
C 150.631088 138.689128 153.443262 136.810094 156.538035 135.528197 
C 159.632807 134.2463 162.949992 133.586471 166.29975 133.586471 
" clip-path="url(#pe5f348b92f)" style="fill: none; stroke: #b0b0b0; stroke-width: 0.8; stroke-linecap: square"/>
     </g>
     <g id="text_9">
      <!-- 0.2 -->
      <g transform="translate(179.054046 134.924287)scale(0.1 -0.1)">
       <defs>
        <path id="DejaVuSans-2e" d="M 684 794 
L 1344 794 
L 1344 0 
L 684 0 
L 684 794 
z
" transform="scale(0.015625)"/>
       </defs>
       <use xlink:href="#DejaVuSans-30"/>
       <use xlink:href="#DejaVuSans-2e" x="63.623047"/>
       <use xlink:href="#DejaVuSans-32" x="95.410156"/>
      </g>
     </g>
    </g>
    <g id="ytick_2">
     <g id="line2d_10">
      <path d="M 166.29975 108.077879 
C 172.999265 108.077879 179.633636 109.397538 185.823181 111.961331 
C 192.012726 114.525125 197.637074 118.283194 202.374346 123.020466 
C 207.111619 127.757739 210.869688 133.382087 213.433481 139.571632 
C 215.997275 145.761177 217.316933 152.395547 217.316933 159.095062 
C 217.316933 165.794578 215.997275 172.428948 213.433481 178.618493 
C 210.869688 184.808038 207.111619 190.432386 202.374346 195.169659 
C 197.637074 199.906931 192.012726 203.665 185.823181 206.228794 
C 179.633636 208.792587 172.999265 210.112246 166.29975 210.112246 
C 159.600235 210.112246 152.965864 208.792587 146.776319 206.228794 
C 140.586774 203.665 134.962426 199.906931 130.225154 195.169659 
C 125.487881 190.432386 121.729812 184.808038 119.166019 178.618493 
C 116.602225 172.428948 115.282567 165.794578 115.282567 159.095062 
C 115.282567 152.395547 116.602225 145.761177 119.166019 139.571632 
C 121.729812 133.382087 125.487881 127.757739 130.225154 123.020466 
C 134.962426 118.283194 140.586774 114.525125 146.776319 111.961331 
C 152.965864 109.397538 159.600235 108.077879 166.29975 108.077879 
" clip-path="url(#pe5f348b92f)" style="fill: none; stroke: #b0b0b0; stroke-width: 0.8; stroke-linecap: square"/>
     </g>
     <g id="text_10">
      <!-- 0.4 -->
      <g transform="translate(191.808342 112.833198)scale(0.1 -0.1)">
       <use xlink:href="#DejaVuSans-30"/>
       <use xlink:href="#DejaVuSans-2e" x="63.623047"/>
       <use xlink:href="#DejaVuSans-34" x="95.410156"/>
      </g>
     </g>
    </g>
    <g id="ytick_3">
     <g id="line2d_11">
      <path d="M 166.29975 82.569288 
C 176.349023 82.569288 186.300579 84.548776 195.584896 88.394466 
C 204.869213 92.240156 213.305735 97.87726 220.411644 104.983168 
C 227.517553 112.089077 233.154657 120.525599 237.000347 129.809916 
C 240.846037 139.094234 242.825525 149.04579 242.825525 159.095062 
C 242.825525 169.144335 240.846037 179.095891 237.000347 188.380209 
C 233.154657 197.664526 227.517553 206.101048 220.411644 213.206957 
C 213.305735 220.312865 204.869213 225.949969 195.584896 229.795659 
C 186.300579 233.641349 176.349023 235.620837 166.29975 235.620837 
C 156.250477 235.620837 146.298921 233.641349 137.014604 229.795659 
C 127.730287 225.949969 119.293765 220.312865 112.187856 213.206957 
C 105.081947 206.101048 99.444843 197.664526 95.599153 188.380209 
C 91.753463 179.095891 89.773975 169.144335 89.773975 159.095062 
C 89.773975 149.04579 91.753463 139.094234 95.599153 129.809916 
C 99.444843 120.525599 105.081947 112.089077 112.187856 104.983168 
C 119.293765 97.87726 127.730287 92.240156 137.014604 88.394466 
C 146.298921 84.548776 156.250477 82.569288 166.29975 82.569288 
" clip-path="url(#pe5f348b92f)" style="fill: none; stroke: #b0b0b0; stroke-width: 0.8; stroke-linecap: square"/>
     </g>
     <g id="text_11">
      <!-- 0.6 -->
      <g transform="translate(204.562637 90.74211)scale(0.1 -0.1)">
       <defs>
        <path id="DejaVuSans-36" d="M 2113 2584 
Q 1688 2584 1439 2293 
Q 1191 2003 1191 1497 
Q 1191 994 1439 701 
Q 1688 409 2113 409 
Q 2538 409 2786 701 
Q 3034 994 3034 1497 
Q 3034 2003 2786 2293 
Q 2538 2584 2113 2584 
z
M 3366 4563 
L 3366 3988 
Q 3128 4100 2886 4159 
Q 2644 4219 2406 4219 
Q 1781 4219 1451 3797 
Q 1122 3375 1075 2522 
Q 1259 2794 1537 2939 
Q 1816 3084 2150 3084 
Q 2853 3084 3261 2657 
Q 3669 2231 3669 1497 
Q 3669 778 3244 343 
Q 2819 -91 2113 -91 
Q 1303 -91 875 529 
Q 447 1150 447 2328 
Q 447 3434 972 4092 
Q 1497 4750 2381 4750 
Q 2619 4750 2861 4703 
Q 3103 4656 3366 4563 
z
" transform="scale(0.015625)"/>
       </defs>
       <use xlink:href="#DejaVuSans-30"/>
       <use xlink:href="#DejaVuSans-2e" x="63.623047"/>
       <use xlink:href="#DejaVuSans-36" x="95.410156"/>
      </g>
     </g>
    </g>
    <g id="ytick_4">
     <g id="line2d_12">
      <path d="M 166.29975 57.060696 
C 179.69878 57.060696 192.967522 59.700013 205.346611 64.8276 
C 217.725701 69.955187 228.974397 77.471325 238.448942 86.94587 
C 247.923487 96.420415 255.439626 107.669111 260.567212 120.048201 
C 265.694799 132.427291 268.334116 145.696032 268.334116 159.095062 
C 268.334116 172.494093 265.694799 185.762834 260.567212 198.141924 
C 255.439626 210.521014 247.923487 221.76971 238.448942 231.244255 
C 228.974397 240.7188 217.725701 248.234938 205.346611 253.362525 
C 192.967522 258.490112 179.69878 261.129429 166.29975 261.129429 
C 152.90072 261.129429 139.631978 258.490112 127.252889 253.362525 
C 114.873799 248.234938 103.625103 240.7188 94.150558 231.244255 
C 84.676013 221.76971 77.159874 210.521014 72.032288 198.141924 
C 66.904701 185.762834 64.265384 172.494093 64.265384 159.095062 
C 64.265384 145.696032 66.904701 132.427291 72.032288 120.048201 
C 77.159874 107.669111 84.676013 96.420415 94.150558 86.94587 
C 103.625103 77.471325 114.873799 69.955187 127.252889 64.8276 
C 139.631978 59.700013 152.90072 57.060696 166.29975 57.060696 
" clip-path="url(#pe5f348b92f)" style="fill: none; stroke: #b0b0b0; stroke-width: 0.8; stroke-linecap: square"/>
     </g>
     <g id="text_12">
      <!-- 0.8 -->
      <g transform="translate(217.316933 68.651022)scale(0.1 -0.1)">
       <use xlink:href="#DejaVuSans-30"/>
       <use xlink:href="#DejaVuSans-2e" x="63.623047"/>
       <use xlink:href="#DejaVuSans-38" x="95.410156"/>
      </g>
     </g>
    </g>
    <g id="ytick_5">
     <g id="line2d_13">
      <path d="M 166.29975 31.552105 
C 183.048538 31.552105 199.634465 34.851251 215.108327 41.260734 
C 230.582189 47.670218 244.643059 57.065391 256.48624 68.908572 
C 268.329422 80.751754 277.724594 94.812624 284.134078 110.286486 
C 290.543562 125.760348 293.842708 142.346275 293.842708 159.095062 
C 293.842708 175.84385 290.543562 192.429777 284.134078 207.903639 
C 277.724594 223.377501 268.329422 237.438371 256.48624 249.281553 
C 244.643059 261.124734 230.582189 270.519907 215.108327 276.929391 
C 199.634465 283.338874 183.048538 286.63802 166.29975 286.63802 
C 149.550962 286.63802 132.965035 283.338874 117.491173 276.929391 
C 102.017311 270.519907 87.956441 261.124734 76.11326 249.281553 
C 64.270078 237.438371 54.874906 223.377501 48.465422 207.903639 
C 42.055938 192.429777 38.756792 175.84385 38.756792 159.095062 
C 38.756792 142.346275 42.055938 125.760348 48.465422 110.286486 
C 54.874906 94.812624 64.270078 80.751754 76.11326 68.908572 
C 87.956441 57.065391 102.017311 47.670218 117.491173 41.260734 
C 132.965035 34.851251 149.550962 31.552105 166.29975 31.552105 
" clip-path="url(#pe5f348b92f)" style="fill: none; stroke: #b0b0b0; stroke-width: 0.8; stroke-linecap: square"/>
     </g>
     <g id="text_13">
      <!-- 1.0 -->
      <g transform="translate(230.071229 46.559934)scale(0.1 -0.1)">
       <use xlink:href="#DejaVuSans-31"/>
       <use xlink:href="#DejaVuSans-2e" x="63.623047"/>
       <use xlink:href="#DejaVuSans-30" x="95.410156"/>
      </g>
     </g>
    </g>
   </g>
   <g id="line2d_14">
    <path d="M 166.29975 217.314324 
L 164.89427 214.949614 
L 163.620098 212.306785 
L 162.492608 209.442546 
L 161.299698 205.680676 
L 160.34184 201.878216 
L 159.472832 197.459592 
L 158.780063 192.701459 
L 158.26181 187.395206 
L 157.929748 181.433452 
L 157.618416 176.381019 
L 157.298485 174.742479 
L 156.916447 173.862298 
L 156.479162 173.333688 
L 155.830982 172.928663 
L 154.905531 172.674164 
L 153.332076 172.540395 
L 149.249081 172.296029 
L 147.346993 171.948351 
L 145.675984 171.438572 
L 144.097699 170.730478 
L 142.64941 169.830508 
L 141.354952 168.756075 
L 140.228256 167.529962 
L 139.277432 166.176515 
L 138.507949 164.719794 
L 137.924356 163.183108 
L 137.498852 161.409593 
L 137.312165 159.596483 
L 137.366424 157.774826 
L 137.660993 155.975696 
L 138.192649 154.23011 
L 138.869727 152.730534 
L 139.730483 151.322491 
L 140.770034 150.029662 
L 141.981899 148.876378 
L 143.355535 147.886552 
L 144.872578 147.080882 
L 146.502805 146.472075 
L 148.392192 146.024135 
L 150.471548 145.771157 
L 155.778883 145.283099 
L 156.437863 144.892328 
L 156.884031 144.379251 
L 157.227447 143.662845 
L 157.513813 142.520857 
L 157.743395 140.479106 
L 157.992074 135.344533 
L 158.372828 129.418079 
L 158.903501 124.51241 
L 159.663823 119.649913 
L 160.605521 115.176234 
L 161.632299 111.369083 
L 162.625187 108.380198 
L 163.771595 105.539349 
L 165.063158 102.929013 
L 166.4837 100.600804 
L 168.013608 98.556518 
L 169.636257 96.743878 
L 172.230058 94.248262 
L 177.607715 89.194012 
L 180.461893 86.175943 
L 183.722319 82.364663 
L 186.746613 78.492392 
L 190.312452 73.527723 
L 193.511851 68.717772 
L 197.404375 62.43486 
L 202.389141 53.800044 
L 208.663737 42.700966 
L 210.459891 40.100103 
L 211.365219 39.963075 
L 211.216253 42.576684 
L 210.428198 46.731832 
L 205.638087 69.068602 
L 203.90796 78.609259 
L 202.285668 89.095699 
L 199.917753 106.553543 
L 197.947252 120.151569 
L 196.019353 133.432002 
L 195.56239 138.295031 
L 195.378922 142.790418 
L 195.357984 150.989737 
L 195.360342 170.985398 
L 195.448794 177.810358 
L 195.747176 182.191524 
L 196.335555 187.254381 
L 197.627214 195.956347 
L 199.731126 210.274842 
L 203.424294 236.630016 
L 204.895623 245.199176 
L 206.535731 253.595768 
L 208.960739 264.780392 
L 210.868989 273.638017 
L 211.404612 277.207448 
L 211.050754 278.529369 
L 209.639812 277.015762 
L 207.603485 273.696201 
L 196.693191 254.573854 
L 192.93829 248.585883 
L 188.897213 242.64125 
L 185.559678 238.140273 
L 182.031749 233.801142 
L 178.99258 230.423658 
L 175.786192 227.216253 
L 168.611894 220.336158 
L 167.045626 218.387508 
L 166.29975 217.314324 
L 166.29975 217.314324 
" clip-path="url(#pe5f348b92f)" style="fill: none; stroke: #1f77b4; stroke-width: 1.5; stroke-linecap: square"/>
   </g>
   <g id="patch_3">
    <path d="M 166.29975 26.039062 
C 148.826996 26.039062 131.524143 29.480814 115.381423 36.167347 
C 99.238704 42.853881 84.570053 52.65516 72.21495 65.010263 
C 59.859847 77.365365 50.058568 92.034016 43.372035 108.176736 
C 36.685502 124.319455 33.24375 141.622309 33.24375 159.095062 
C 33.24375 176.567816 36.685502 193.87067 43.372035 210.013389 
C 50.058568 226.156109 59.859847 240.82476 72.21495 253.179862 
C 84.570053 265.534965 99.238704 275.336244 115.381423 282.022778 
C 131.524143 288.709311 148.826996 292.151062 166.29975 292.151062 
C 183.772504 292.151062 201.075357 288.709311 217.218077 282.022778 
C 233.360796 275.336244 248.029447 265.534965 260.38455 253.179862 
C 272.739653 240.82476 282.540932 226.156109 289.227465 210.013389 
C 295.913998 193.87067 299.35575 176.567816 299.35575 159.095062 
C 299.35575 141.622309 295.913998 124.319455 289.227465 108.176736 
C 282.540932 92.034016 272.739653 77.365365 260.38455 65.010263 
C 248.029447 52.65516 233.360796 42.853881 217.218077 36.167347 
C 201.075357 29.480814 183.772504 26.039062 166.29975 26.039062 
" style="fill: none; stroke: #000000; stroke-width: 0.8; stroke-linejoin: miter; stroke-linecap: square"/>
   </g>
  </g>
 </g>
 <defs>
  <clipPath id="pe5f348b92f">
   <path d="M 299.35575 159.095062 
C 299.35575 141.622309 295.913998 124.319455 289.227465 108.176736 
C 282.540932 92.034016 272.739653 77.365365 260.38455 65.010263 
C 248.029447 52.65516 233.360796 42.853881 217.218077 36.167347 
C 201.075357 29.480814 183.772504 26.039062 166.29975 26.039062 
C 148.826996 26.039062 131.524143 29.480814 115.381423 36.167347 
C 99.238704 42.853881 84.570053 52.65516 72.21495 65.010263 
C 59.859847 77.365365 50.058568 92.034016 43.372035 108.176736 
C 36.685502 124.319455 33.24375 141.622309 33.24375 159.095062 
C 33.24375 176.567816 36.685502 193.87067 43.372035 210.013389 
C 50.058568 226.156109 59.859847 240.82476 72.21495 253.179862 
C 84.570053 265.534965 99.238704 275.336244 115.381423 282.022778 
C 131.524143 288.709311 148.826996 292.151062 166.29975 292.151062 
C 183.772504 292.151062 201.075357 288.709311 217.218077 282.022778 
C 233.360796 275.336244 248.029447 265.534965 260.38455 253.179862 
C 272.739653 240.82476 282.540932 226.156109 289.227465 210.013389 
C 295.913998 193.87067 299.35575 176.567816 299.35575 159.095062 
M 166.29975 159.095062 
C 166.29975 159.095062 166.29975 159.095062 166.29975 159.095062 
C 166.29975 159.095062 166.29975 159.095062 166.29975 159.095062 
C 166.29975 159.095062 166.29975 159.095062 166.29975 159.095062 
C 166.29975 159.095062 166.29975 159.095062 166.29975 159.095062 
C 166.29975 159.095062 166.29975 159.095062 166.29975 159.095062 
C 166.29975 159.095062 166.29975 159.095062 166.29975 159.095062 
C 166.29975 159.095062 166.29975 159.095062 166.29975 159.095062 
C 166.29975 159.095062 166.29975 159.095062 166.29975 159.095062 
C 166.29975 159.095062 166.29975 159.095062 166.29975 159.095062 
C 166.29975 159.095062 166.29975 159.095062 166.29975 159.095062 
C 166.29975 159.095062 166.29975 159.095062 166.29975 159.095062 
C 166.29975 159.095062 166.29975 159.095062 166.29975 159.095062 
C 166.29975 159.095062 166.29975 159.095062 166.29975 159.095062 
C 166.29975 159.095062 166.29975 159.095062 166.29975 159.095062 
C 166.29975 159.095062 166.29975 159.095062 166.29975 159.095062 
C 166.29975 159.095062 166.29975 159.095062 166.29975 159.095062 
M 299.35575 159.095062 
z
"/>
  </clipPath>
 </defs>
</svg>
