<?xml version="1.0" encoding="utf-8" standalone="no"?>
<!DOCTYPE svg PUBLIC "-//W3C//DTD SVG 1.1//EN"
  "http://www.w3.org/Graphics/SVG/1.1/DTD/svg11.dtd">
<svg xmlns:xlink="http://www.w3.org/1999/xlink" width="329.41825pt" height="318.190125pt" viewBox="0 0 329.41825 318.190125" xmlns="http://www.w3.org/2000/svg" version="1.1">
 <metadata>
  <rdf:RDF xmlns:dc="http://purl.org/dc/elements/1.1/" xmlns:cc="http://creativecommons.org/ns#" xmlns:rdf="http://www.w3.org/1999/02/22-rdf-syntax-ns#">
   <cc:Work>
    <dc:type rdf:resource="http://purl.org/dc/dcmitype/StillImage"/>
    <dc:date>2023-04-05T01:05:33.765280</dc:date>
    <dc:format>image/svg+xml</dc:format>
    <dc:creator>
     <cc:Agent>
      <dc:title>Matplotlib v3.5.1, https://matplotlib.org/</dc:title>
     </cc:Agent>
    </dc:creator>
   </cc:Work>
  </rdf:RDF>
 </metadata>
 <defs>
  <style type="text/css">*{stroke-linejoin: round; stroke-linecap: butt}</style>
 </defs>
 <g id="figure_1">
  <g id="patch_1">
   <path d="M 0 318.190125 
L 329.41825 318.190125 
L 329.41825 0 
L 0 0 
z
" style="fill: #ffffff"/>
  </g>
  <g id="axes_1">
   <g id="patch_2">
    <path d="M 299.35575 159.095062 
C 299.35575 141.622309 295.913998 124.319455 289.227465 108.176736 
C 282.540932 92.034016 272.739653 77.365365 260.38455 65.010263 
C 248.029447 52.65516 233.360796 42.853881 217.218077 36.167347 
C 201.075357 29.480814 183.772504 26.039062 166.29975 26.039062 
C 148.826996 26.039062 131.524143 29.480814 115.381423 36.167347 
C 99.238704 42.853881 84.570053 52.65516 72.21495 65.010263 
C 59.859847 77.365365 50.058568 92.034016 43.372035 108.176736 
C 36.685502 124.319455 33.24375 141.622309 33.24375 159.095062 
C 33.24375 176.567816 36.685502 193.87067 43.372035 210.013389 
C 50.058568 226.156109 59.859847 240.82476 72.21495 253.179862 
C 84.570053 265.534965 99.238704 275.336244 115.381423 282.022778 
C 131.524143 288.709311 148.826996 292.151062 166.29975 292.151062 
C 183.772504 292.151062 201.075357 288.709311 217.218077 282.022778 
C 233.360796 275.336244 248.029447 265.534965 260.38455 253.179862 
C 272.739653 240.82476 282.540932 226.156109 289.227465 210.013389 
C 295.913998 193.87067 299.35575 176.567816 299.35575 159.095062 
M 166.29975 159.095062 
C 166.29975 159.095062 166.29975 159.095062 166.29975 159.095062 
C 166.29975 159.095062 166.29975 159.095062 166.29975 159.095062 
C 166.29975 159.095062 166.29975 159.095062 166.29975 159.095062 
C 166.29975 159.095062 166.29975 159.095062 166.29975 159.095062 
C 166.29975 159.095062 166.29975 159.095062 166.29975 159.095062 
C 166.29975 159.095062 166.29975 159.095062 166.29975 159.095062 
C 166.29975 159.095062 166.29975 159.095062 166.29975 159.095062 
C 166.29975 159.095062 166.29975 159.095062 166.29975 159.095062 
C 166.29975 159.095062 166.29975 159.095062 166.29975 159.095062 
C 166.29975 159.095062 166.29975 159.095062 166.29975 159.095062 
C 166.29975 159.095062 166.29975 159.095062 166.29975 159.095062 
C 166.29975 159.095062 166.29975 159.095062 166.29975 159.095062 
C 166.29975 159.095062 166.29975 159.095062 166.29975 159.095062 
C 166.29975 159.095062 166.29975 159.095062 166.29975 159.095062 
C 166.29975 159.095062 166.29975 159.095062 166.29975 159.095062 
C 166.29975 159.095062 166.29975 159.095062 166.29975 159.095062 
M 299.35575 159.095062 
z
" style="fill: #ffffff"/>
   </g>
   <g id="matplotlib.axis_1">
    <g id="xtick_1">
     <g id="line2d_1">
      <path d="M 166.29975 159.095062 
L 166.29975 26.039062 
" clip-path="url(#p031d4d47ac)" style="fill: none; stroke: #b0b0b0; stroke-width: 0.8; stroke-linecap: square"/>
     </g>
     <g id="text_1">
      <!-- 0° -->
      <g transform="translate(160.6185 14.798437)scale(0.1 -0.1)">
       <defs>
        <path id="DejaVuSans-30" d="M 2034 4250 
Q 1547 4250 1301 3770 
Q 1056 3291 1056 2328 
Q 1056 1369 1301 889 
Q 1547 409 2034 409 
Q 2525 409 2770 889 
Q 3016 1369 3016 2328 
Q 3016 3291 2770 3770 
Q 2525 4250 2034 4250 
z
M 2034 4750 
Q 2819 4750 3233 4129 
Q 3647 3509 3647 2328 
Q 3647 1150 3233 529 
Q 2819 -91 2034 -91 
Q 1250 -91 836 529 
Q 422 1150 422 2328 
Q 422 3509 836 4129 
Q 1250 4750 2034 4750 
z
" transform="scale(0.015625)"/>
        <path id="DejaVuSans-b0" d="M 1600 4347 
Q 1350 4347 1178 4173 
Q 1006 4000 1006 3750 
Q 1006 3503 1178 3333 
Q 1350 3163 1600 3163 
Q 1850 3163 2022 3333 
Q 2194 3503 2194 3750 
Q 2194 3997 2020 4172 
Q 1847 4347 1600 4347 
z
M 1600 4750 
Q 1800 4750 1984 4673 
Q 2169 4597 2303 4453 
Q 2447 4313 2519 4134 
Q 2591 3956 2591 3750 
Q 2591 3338 2302 3052 
Q 2013 2766 1594 2766 
Q 1172 2766 890 3047 
Q 609 3328 609 3750 
Q 609 4169 896 4459 
Q 1184 4750 1600 4750 
z
" transform="scale(0.015625)"/>
       </defs>
       <use xlink:href="#DejaVuSans-30"/>
       <use xlink:href="#DejaVuSans-b0" x="63.623047"/>
      </g>
     </g>
    </g>
    <g id="xtick_2">
     <g id="line2d_2">
      <path d="M 166.29975 159.095062 
L 260.38455 65.010263 
" clip-path="url(#p031d4d47ac)" style="fill: none; stroke: #b0b0b0; stroke-width: 0.8; stroke-linecap: square"/>
     </g>
     <g id="text_2">
      <!-- 45° -->
      <g transform="translate(261.421545 57.870143)scale(0.1 -0.1)">
       <defs>
        <path id="DejaVuSans-34" d="M 2419 4116 
L 825 1625 
L 2419 1625 
L 2419 4116 
z
M 2253 4666 
L 3047 4666 
L 3047 1625 
L 3713 1625 
L 3713 1100 
L 3047 1100 
L 3047 0 
L 2419 0 
L 2419 1100 
L 313 1100 
L 313 1709 
L 2253 4666 
z
" transform="scale(0.015625)"/>
        <path id="DejaVuSans-35" d="M 691 4666 
L 3169 4666 
L 3169 4134 
L 1269 4134 
L 1269 2991 
Q 1406 3038 1543 3061 
Q 1681 3084 1819 3084 
Q 2600 3084 3056 2656 
Q 3513 2228 3513 1497 
Q 3513 744 3044 326 
Q 2575 -91 1722 -91 
Q 1428 -91 1123 -41 
Q 819 9 494 109 
L 494 744 
Q 775 591 1075 516 
Q 1375 441 1709 441 
Q 2250 441 2565 725 
Q 2881 1009 2881 1497 
Q 2881 1984 2565 2268 
Q 2250 2553 1709 2553 
Q 1456 2553 1204 2497 
Q 953 2441 691 2322 
L 691 4666 
z
" transform="scale(0.015625)"/>
       </defs>
       <use xlink:href="#DejaVuSans-34"/>
       <use xlink:href="#DejaVuSans-35" x="63.623047"/>
       <use xlink:href="#DejaVuSans-b0" x="127.246094"/>
      </g>
     </g>
    </g>
    <g id="xtick_3">
     <g id="line2d_3">
      <path d="M 166.29975 159.095062 
L 299.35575 159.095062 
" clip-path="url(#p031d4d47ac)" style="fill: none; stroke: #b0b0b0; stroke-width: 0.8; stroke-linecap: square"/>
     </g>
     <g id="text_3">
      <!-- 90° -->
      <g transform="translate(304.49325 161.854437)scale(0.1 -0.1)">
       <defs>
        <path id="DejaVuSans-39" d="M 703 97 
L 703 672 
Q 941 559 1184 500 
Q 1428 441 1663 441 
Q 2288 441 2617 861 
Q 2947 1281 2994 2138 
Q 2813 1869 2534 1725 
Q 2256 1581 1919 1581 
Q 1219 1581 811 2004 
Q 403 2428 403 3163 
Q 403 3881 828 4315 
Q 1253 4750 1959 4750 
Q 2769 4750 3195 4129 
Q 3622 3509 3622 2328 
Q 3622 1225 3098 567 
Q 2575 -91 1691 -91 
Q 1453 -91 1209 -44 
Q 966 3 703 97 
z
M 1959 2075 
Q 2384 2075 2632 2365 
Q 2881 2656 2881 3163 
Q 2881 3666 2632 3958 
Q 2384 4250 1959 4250 
Q 1534 4250 1286 3958 
Q 1038 3666 1038 3163 
Q 1038 2656 1286 2365 
Q 1534 2075 1959 2075 
z
" transform="scale(0.015625)"/>
       </defs>
       <use xlink:href="#DejaVuSans-39"/>
       <use xlink:href="#DejaVuSans-30" x="63.623047"/>
       <use xlink:href="#DejaVuSans-b0" x="127.246094"/>
      </g>
     </g>
    </g>
    <g id="xtick_4">
     <g id="line2d_4">
      <path d="M 166.29975 159.095062 
L 260.38455 253.179862 
" clip-path="url(#p031d4d47ac)" style="fill: none; stroke: #b0b0b0; stroke-width: 0.8; stroke-linecap: square"/>
     </g>
     <g id="text_4">
      <!-- 135° -->
      <g transform="translate(258.240295 265.838732)scale(0.1 -0.1)">
       <defs>
        <path id="DejaVuSans-31" d="M 794 531 
L 1825 531 
L 1825 4091 
L 703 3866 
L 703 4441 
L 1819 4666 
L 2450 4666 
L 2450 531 
L 3481 531 
L 3481 0 
L 794 0 
L 794 531 
z
" transform="scale(0.015625)"/>
        <path id="DejaVuSans-33" d="M 2597 2516 
Q 3050 2419 3304 2112 
Q 3559 1806 3559 1356 
Q 3559 666 3084 287 
Q 2609 -91 1734 -91 
Q 1441 -91 1130 -33 
Q 819 25 488 141 
L 488 750 
Q 750 597 1062 519 
Q 1375 441 1716 441 
Q 2309 441 2620 675 
Q 2931 909 2931 1356 
Q 2931 1769 2642 2001 
Q 2353 2234 1838 2234 
L 1294 2234 
L 1294 2753 
L 1863 2753 
Q 2328 2753 2575 2939 
Q 2822 3125 2822 3475 
Q 2822 3834 2567 4026 
Q 2313 4219 1838 4219 
Q 1578 4219 1281 4162 
Q 984 4106 628 3988 
L 628 4550 
Q 988 4650 1302 4700 
Q 1616 4750 1894 4750 
Q 2613 4750 3031 4423 
Q 3450 4097 3450 3541 
Q 3450 3153 3228 2886 
Q 3006 2619 2597 2516 
z
" transform="scale(0.015625)"/>
       </defs>
       <use xlink:href="#DejaVuSans-31"/>
       <use xlink:href="#DejaVuSans-33" x="63.623047"/>
       <use xlink:href="#DejaVuSans-35" x="127.246094"/>
       <use xlink:href="#DejaVuSans-b0" x="190.869141"/>
      </g>
     </g>
    </g>
    <g id="xtick_5">
     <g id="line2d_5">
      <path d="M 166.29975 159.095062 
L 166.29975 292.151062 
" clip-path="url(#p031d4d47ac)" style="fill: none; stroke: #b0b0b0; stroke-width: 0.8; stroke-linecap: square"/>
     </g>
     <g id="text_5">
      <!-- 180° -->
      <g transform="translate(154.256 308.910437)scale(0.1 -0.1)">
       <defs>
        <path id="DejaVuSans-38" d="M 2034 2216 
Q 1584 2216 1326 1975 
Q 1069 1734 1069 1313 
Q 1069 891 1326 650 
Q 1584 409 2034 409 
Q 2484 409 2743 651 
Q 3003 894 3003 1313 
Q 3003 1734 2745 1975 
Q 2488 2216 2034 2216 
z
M 1403 2484 
Q 997 2584 770 2862 
Q 544 3141 544 3541 
Q 544 4100 942 4425 
Q 1341 4750 2034 4750 
Q 2731 4750 3128 4425 
Q 3525 4100 3525 3541 
Q 3525 3141 3298 2862 
Q 3072 2584 2669 2484 
Q 3125 2378 3379 2068 
Q 3634 1759 3634 1313 
Q 3634 634 3220 271 
Q 2806 -91 2034 -91 
Q 1263 -91 848 271 
Q 434 634 434 1313 
Q 434 1759 690 2068 
Q 947 2378 1403 2484 
z
M 1172 3481 
Q 1172 3119 1398 2916 
Q 1625 2713 2034 2713 
Q 2441 2713 2670 2916 
Q 2900 3119 2900 3481 
Q 2900 3844 2670 4047 
Q 2441 4250 2034 4250 
Q 1625 4250 1398 4047 
Q 1172 3844 1172 3481 
z
" transform="scale(0.015625)"/>
       </defs>
       <use xlink:href="#DejaVuSans-31"/>
       <use xlink:href="#DejaVuSans-38" x="63.623047"/>
       <use xlink:href="#DejaVuSans-30" x="127.246094"/>
       <use xlink:href="#DejaVuSans-b0" x="190.869141"/>
      </g>
     </g>
    </g>
    <g id="xtick_6">
     <g id="line2d_6">
      <path d="M 166.29975 159.095062 
L 72.21495 253.179862 
" clip-path="url(#p031d4d47ac)" style="fill: none; stroke: #b0b0b0; stroke-width: 0.8; stroke-linecap: square"/>
     </g>
     <g id="text_6">
      <!-- 225° -->
      <g transform="translate(50.271705 265.838732)scale(0.1 -0.1)">
       <defs>
        <path id="DejaVuSans-32" d="M 1228 531 
L 3431 531 
L 3431 0 
L 469 0 
L 469 531 
Q 828 903 1448 1529 
Q 2069 2156 2228 2338 
Q 2531 2678 2651 2914 
Q 2772 3150 2772 3378 
Q 2772 3750 2511 3984 
Q 2250 4219 1831 4219 
Q 1534 4219 1204 4116 
Q 875 4013 500 3803 
L 500 4441 
Q 881 4594 1212 4672 
Q 1544 4750 1819 4750 
Q 2544 4750 2975 4387 
Q 3406 4025 3406 3419 
Q 3406 3131 3298 2873 
Q 3191 2616 2906 2266 
Q 2828 2175 2409 1742 
Q 1991 1309 1228 531 
z
" transform="scale(0.015625)"/>
       </defs>
       <use xlink:href="#DejaVuSans-32"/>
       <use xlink:href="#DejaVuSans-32" x="63.623047"/>
       <use xlink:href="#DejaVuSans-35" x="127.246094"/>
       <use xlink:href="#DejaVuSans-b0" x="190.869141"/>
      </g>
     </g>
    </g>
    <g id="xtick_7">
     <g id="line2d_7">
      <path d="M 166.29975 159.095062 
L 33.24375 159.095062 
" clip-path="url(#p031d4d47ac)" style="fill: none; stroke: #b0b0b0; stroke-width: 0.8; stroke-linecap: square"/>
     </g>
     <g id="text_7">
      <!-- 270° -->
      <g transform="translate(7.2 161.854437)scale(0.1 -0.1)">
       <defs>
        <path id="DejaVuSans-37" d="M 525 4666 
L 3525 4666 
L 3525 4397 
L 1831 0 
L 1172 0 
L 2766 4134 
L 525 4134 
L 525 4666 
z
" transform="scale(0.015625)"/>
       </defs>
       <use xlink:href="#DejaVuSans-32"/>
       <use xlink:href="#DejaVuSans-37" x="63.623047"/>
       <use xlink:href="#DejaVuSans-30" x="127.246094"/>
       <use xlink:href="#DejaVuSans-b0" x="190.869141"/>
      </g>
     </g>
    </g>
    <g id="xtick_8">
     <g id="line2d_8">
      <path d="M 166.29975 159.095062 
L 72.21495 65.010263 
" clip-path="url(#p031d4d47ac)" style="fill: none; stroke: #b0b0b0; stroke-width: 0.8; stroke-linecap: square"/>
     </g>
     <g id="text_8">
      <!-- 315° -->
      <g transform="translate(50.271705 57.870143)scale(0.1 -0.1)">
       <use xlink:href="#DejaVuSans-33"/>
       <use xlink:href="#DejaVuSans-31" x="63.623047"/>
       <use xlink:href="#DejaVuSans-35" x="127.246094"/>
       <use xlink:href="#DejaVuSans-b0" x="190.869141"/>
      </g>
     </g>
    </g>
   </g>
   <g id="matplotlib.axis_2">
    <g id="ytick_1">
     <g id="line2d_9">
      <path d="M 166.29975 133.189247 
C 169.70167 133.189247 173.070512 133.859352 176.213476 135.16121 
C 179.356441 136.463069 182.212406 138.371364 184.617927 140.776885 
C 187.023448 143.182406 188.931744 146.038372 190.233602 149.181336 
C 191.535461 152.324301 192.205565 155.693142 192.205565 159.095062 
C 192.205565 162.496983 191.535461 165.865824 190.233602 169.008789 
C 188.931744 172.151753 187.023448 175.007719 184.617927 177.41324 
C 182.212406 179.818761 179.356441 181.727056 176.213476 183.028915 
C 173.070512 184.330773 169.70167 185.000878 166.29975 185.000878 
C 162.89783 185.000878 159.528988 184.330773 156.386024 183.028915 
C 153.243059 181.727056 150.387094 179.818761 147.981573 177.41324 
C 145.576052 175.007719 143.667756 172.151753 142.365898 169.008789 
C 141.064039 165.865824 140.393935 162.496983 140.393935 159.095062 
C 140.393935 155.693142 141.064039 152.324301 142.365898 149.181336 
C 143.667756 146.038372 145.576052 143.182406 147.981573 140.776885 
C 150.387094 138.371364 153.243059 136.463069 156.386024 135.16121 
C 159.528988 133.859352 162.89783 133.189247 166.29975 133.189247 
" clip-path="url(#p031d4d47ac)" style="fill: none; stroke: #b0b0b0; stroke-width: 0.8; stroke-linecap: square"/>
     </g>
     <g id="text_9">
      <!-- 0.2 -->
      <g transform="translate(179.252658 134.580281)scale(0.1 -0.1)">
       <defs>
        <path id="DejaVuSans-2e" d="M 684 794 
L 1344 794 
L 1344 0 
L 684 0 
L 684 794 
z
" transform="scale(0.015625)"/>
       </defs>
       <use xlink:href="#DejaVuSans-30"/>
       <use xlink:href="#DejaVuSans-2e" x="63.623047"/>
       <use xlink:href="#DejaVuSans-32" x="95.410156"/>
      </g>
     </g>
    </g>
    <g id="ytick_2">
     <g id="line2d_10">
      <path d="M 166.29975 107.283432 
C 173.103591 107.283432 179.841273 108.623641 186.127202 111.227358 
C 192.413132 113.831075 198.125063 117.647666 202.936105 122.458708 
C 207.747147 127.26975 211.563737 132.981681 214.167455 139.26761 
C 216.771172 145.553539 218.11138 152.291222 218.11138 159.095062 
C 218.11138 165.898903 216.771172 172.636586 214.167455 178.922515 
C 211.563737 185.208444 207.747147 190.920375 202.936105 195.731417 
C 198.125063 200.542459 192.413132 204.35905 186.127202 206.962767 
C 179.841273 209.566484 173.103591 210.906693 166.29975 210.906693 
C 159.495909 210.906693 152.758227 209.566484 146.472298 206.962767 
C 140.186368 204.35905 134.474437 200.542459 129.663395 195.731417 
C 124.852353 190.920375 121.035763 185.208444 118.432045 178.922515 
C 115.828328 172.636586 114.48812 165.898903 114.48812 159.095062 
C 114.48812 152.291222 115.828328 145.553539 118.432045 139.26761 
C 121.035763 132.981681 124.852353 127.26975 129.663395 122.458708 
C 134.474437 117.647666 140.186368 113.831075 146.472298 111.227358 
C 152.758227 108.623641 159.495909 107.283432 166.29975 107.283432 
" clip-path="url(#p031d4d47ac)" style="fill: none; stroke: #b0b0b0; stroke-width: 0.8; stroke-linecap: square"/>
     </g>
     <g id="text_10">
      <!-- 0.4 -->
      <g transform="translate(192.205565 112.145187)scale(0.1 -0.1)">
       <use xlink:href="#DejaVuSans-30"/>
       <use xlink:href="#DejaVuSans-2e" x="63.623047"/>
       <use xlink:href="#DejaVuSans-34" x="95.410156"/>
      </g>
     </g>
    </g>
    <g id="ytick_3">
     <g id="line2d_11">
      <path d="M 166.29975 81.377617 
C 176.505511 81.377617 186.612035 83.38793 196.040929 87.293506 
C 205.469823 91.199082 214.037719 96.923967 221.254282 104.14053 
C 228.470845 111.357093 234.195731 119.92499 238.101307 129.353884 
C 242.006883 138.782778 244.017195 148.889301 244.017195 159.095062 
C 244.017195 169.300824 242.006883 179.407347 238.101307 188.836241 
C 234.195731 198.265135 228.470845 206.833032 221.254282 214.049595 
C 214.037719 221.266158 205.469823 226.991043 196.040929 230.896619 
C 186.612035 234.802195 176.505511 236.812508 166.29975 236.812508 
C 156.093989 236.812508 145.987465 234.802195 136.558571 230.896619 
C 127.129677 226.991043 118.561781 221.266158 111.345218 214.049595 
C 104.128655 206.833032 98.403769 198.265135 94.498193 188.836241 
C 90.592617 179.407347 88.582305 169.300824 88.582305 159.095062 
C 88.582305 148.889301 90.592617 138.782778 94.498193 129.353884 
C 98.403769 119.92499 104.128655 111.357093 111.345218 104.14053 
C 118.561781 96.923967 127.129677 91.199082 136.558571 87.293506 
C 145.987465 83.38793 156.093989 81.377617 166.29975 81.377617 
" clip-path="url(#p031d4d47ac)" style="fill: none; stroke: #b0b0b0; stroke-width: 0.8; stroke-linecap: square"/>
     </g>
     <g id="text_11">
      <!-- 0.6 -->
      <g transform="translate(205.158473 89.710093)scale(0.1 -0.1)">
       <defs>
        <path id="DejaVuSans-36" d="M 2113 2584 
Q 1688 2584 1439 2293 
Q 1191 2003 1191 1497 
Q 1191 994 1439 701 
Q 1688 409 2113 409 
Q 2538 409 2786 701 
Q 3034 994 3034 1497 
Q 3034 2003 2786 2293 
Q 2538 2584 2113 2584 
z
M 3366 4563 
L 3366 3988 
Q 3128 4100 2886 4159 
Q 2644 4219 2406 4219 
Q 1781 4219 1451 3797 
Q 1122 3375 1075 2522 
Q 1259 2794 1537 2939 
Q 1816 3084 2150 3084 
Q 2853 3084 3261 2657 
Q 3669 2231 3669 1497 
Q 3669 778 3244 343 
Q 2819 -91 2113 -91 
Q 1303 -91 875 529 
Q 447 1150 447 2328 
Q 447 3434 972 4092 
Q 1497 4750 2381 4750 
Q 2619 4750 2861 4703 
Q 3103 4656 3366 4563 
z
" transform="scale(0.015625)"/>
       </defs>
       <use xlink:href="#DejaVuSans-30"/>
       <use xlink:href="#DejaVuSans-2e" x="63.623047"/>
       <use xlink:href="#DejaVuSans-36" x="95.410156"/>
      </g>
     </g>
    </g>
    <g id="ytick_4">
     <g id="line2d_12">
      <path d="M 166.29975 55.471802 
C 179.907432 55.471802 193.382796 58.152219 205.954655 63.359653 
C 218.526514 68.567088 229.950376 76.200269 239.57246 85.822353 
C 249.194544 95.444437 256.827725 106.868299 262.035159 119.440158 
C 267.242593 132.012016 269.92301 145.487381 269.92301 159.095062 
C 269.92301 172.702744 267.242593 186.178109 262.035159 198.749967 
C 256.827725 211.321826 249.194544 222.745688 239.57246 232.367772 
C 229.950376 241.989856 218.526514 249.623037 205.954655 254.830472 
C 193.382796 260.037906 179.907432 262.718323 166.29975 262.718323 
C 152.692068 262.718323 139.216704 260.037906 126.644845 254.830472 
C 114.072986 249.623037 102.649124 241.989856 93.02704 232.367772 
C 83.404956 222.745688 75.771775 211.321826 70.564341 198.749967 
C 65.356907 186.178109 62.67649 172.702744 62.67649 159.095062 
C 62.67649 145.487381 65.356907 132.012016 70.564341 119.440158 
C 75.771775 106.868299 83.404956 95.444437 93.02704 85.822353 
C 102.649124 76.200269 114.072986 68.567088 126.644845 63.359653 
C 139.216704 58.152219 152.692068 55.471802 166.29975 55.471802 
" clip-path="url(#p031d4d47ac)" style="fill: none; stroke: #b0b0b0; stroke-width: 0.8; stroke-linecap: square"/>
     </g>
     <g id="text_12">
      <!-- 0.8 -->
      <g transform="translate(218.11138 67.274999)scale(0.1 -0.1)">
       <use xlink:href="#DejaVuSans-30"/>
       <use xlink:href="#DejaVuSans-2e" x="63.623047"/>
       <use xlink:href="#DejaVuSans-38" x="95.410156"/>
      </g>
     </g>
    </g>
    <g id="ytick_5">
     <g id="line2d_13">
      <path d="M 166.29975 29.565987 
C 183.309352 29.565987 200.153558 32.916508 215.868381 39.425801 
C 231.583204 45.935094 245.863032 55.47657 257.890637 67.504175 
C 269.918242 79.53178 279.459718 93.811608 285.969011 109.526431 
C 292.478304 125.241255 295.828825 142.08546 295.828825 159.095062 
C 295.828825 176.104665 292.478304 192.94887 285.969011 208.663694 
C 279.459718 224.378517 269.918242 238.658345 257.890637 250.68595 
C 245.863032 262.713555 231.583204 272.255031 215.868381 278.764324 
C 200.153558 285.273617 183.309352 288.624138 166.29975 288.624138 
C 149.290148 288.624138 132.445942 285.273617 116.731119 278.764324 
C 101.016296 272.255031 86.736468 262.713555 74.708863 250.68595 
C 62.681258 238.658345 53.139782 224.378517 46.630489 208.663694 
C 40.121196 192.94887 36.770675 176.104665 36.770675 159.095062 
C 36.770675 142.08546 40.121196 125.241255 46.630489 109.526431 
C 53.139782 93.811608 62.681258 79.53178 74.708863 67.504175 
C 86.736468 55.47657 101.016296 45.935094 116.731119 39.425801 
C 132.445942 32.916508 149.290148 29.565987 166.29975 29.565987 
" clip-path="url(#p031d4d47ac)" style="fill: none; stroke: #b0b0b0; stroke-width: 0.8; stroke-linecap: square"/>
     </g>
     <g id="text_13">
      <!-- 1.0 -->
      <g transform="translate(231.064288 44.839905)scale(0.1 -0.1)">
       <use xlink:href="#DejaVuSans-31"/>
       <use xlink:href="#DejaVuSans-2e" x="63.623047"/>
       <use xlink:href="#DejaVuSans-30" x="95.410156"/>
      </g>
     </g>
    </g>
   </g>
   <g id="line2d_14">
    <path d="M 166.29975 225.798734 
L 163.073309 223.164759 
L 160.048271 221.007645 
L 157.152411 219.233624 
L 154.329771 217.764102 
L 151.189799 216.386051 
L 147.348519 214.959659 
L 137.129658 211.31193 
L 134.02905 209.881982 
L 131.366601 208.404965 
L 128.826739 206.717847 
L 126.725174 205.071109 
L 124.475546 203.009273 
L 122.393157 200.780549 
L 120.474362 198.414686 
L 118.49915 195.624711 
L 116.511909 192.404714 
L 114.72181 189.09026 
L 112.962352 185.35907 
L 111.414807 181.551604 
L 110.082839 177.674281 
L 108.978927 173.731876 
L 108.187701 170.097216 
L 107.612523 166.422749 
L 107.264757 162.719773 
L 107.151935 159.00206 
L 107.276609 155.284731 
L 107.635962 151.582871 
L 108.222238 147.910149 
L 109.023923 144.277722 
L 110.027595 140.693673 
L 111.349519 136.813282 
L 112.887424 133.002533 
L 114.637168 129.267657 
L 116.606428 125.621948 
L 118.604064 122.407431 
L 120.589657 119.624115 
L 122.518438 117.265951 
L 124.611253 115.046799 
L 126.87126 112.996321 
L 128.981358 111.360649 
L 131.529726 109.686754 
L 134.198797 108.222562 
L 137.304217 106.805129 
L 140.823495 105.455255 
L 153.106645 100.991565 
L 155.911286 99.632572 
L 158.769073 98.00088 
L 161.35199 96.290941 
L 164.056021 94.258503 
L 166.934313 91.835147 
L 170.05429 88.931853 
L 173.504594 85.423537 
L 177.408482 81.120149 
L 181.25349 76.566549 
L 185.750375 70.866705 
L 190.213487 64.825781 
L 194.459688 58.749382 
L 200.961921 49.009828 
L 205.505015 42.319644 
L 207.017516 40.296219 
L 208.430685 38.648377 
L 209.654253 37.607508 
L 210.601303 37.377546 
L 211.223642 38.042081 
L 211.534042 39.516784 
L 211.594846 41.594573 
L 211.277076 46.653979 
L 209.069145 70.487246 
L 208.76624 77.752047 
L 208.735916 83.68877 
L 208.934123 89.607955 
L 209.304867 94.596232 
L 209.888237 99.574301 
L 210.697849 104.461459 
L 211.620341 108.729605 
L 212.759202 112.999439 
L 214.255004 117.685405 
L 216.252383 123.113439 
L 221.566826 137.088535 
L 222.890917 141.374146 
L 223.894636 145.349141 
L 224.605888 149.003071 
L 225.107399 152.689666 
L 225.387254 156.398881 
L 225.438943 160.118039 
L 225.261277 163.833396 
L 224.858362 167.531608 
L 224.23967 171.201244 
L 223.327857 175.195594 
L 222.200586 179.14319 
L 220.638887 183.760874 
L 218.333352 189.794809 
L 214.606291 199.499799 
L 213.090633 204.081859 
L 211.803512 208.714532 
L 210.863178 212.887176 
L 210.029803 217.642303 
L 209.417949 222.460092 
L 209.013122 227.259799 
L 208.765263 232.915303 
L 208.733575 238.539494 
L 208.942151 245.351501 
L 209.366142 252.022835 
L 210.111033 260.223515 
L 211.390129 272.854917 
L 211.556694 275.405422 
L 211.590684 277.6947 
L 211.41475 279.500826 
L 210.953729 280.590698 
L 210.166667 280.80799 
L 209.072078 280.152541 
L 207.741872 278.778857 
L 206.268668 276.915774 
L 203.198184 272.53537 
L 191.722986 255.489967 
L 187.008637 248.988544 
L 182.307303 242.923656 
L 178.320124 238.122195 
L 174.29785 233.613565 
L 170.762285 229.953901 
L 167.148247 226.545212 
L 166.29975 225.798734 
L 166.29975 225.798734 
" clip-path="url(#p031d4d47ac)" style="fill: none; stroke: #1f77b4; stroke-width: 1.5; stroke-linecap: square"/>
   </g>
   <g id="patch_3">
    <path d="M 166.29975 26.039062 
C 148.826996 26.039062 131.524143 29.480814 115.381423 36.167347 
C 99.238704 42.853881 84.570053 52.65516 72.21495 65.010263 
C 59.859847 77.365365 50.058568 92.034016 43.372035 108.176736 
C 36.685502 124.319455 33.24375 141.622309 33.24375 159.095062 
C 33.24375 176.567816 36.685502 193.87067 43.372035 210.013389 
C 50.058568 226.156109 59.859847 240.82476 72.21495 253.179862 
C 84.570053 265.534965 99.238704 275.336244 115.381423 282.022778 
C 131.524143 288.709311 148.826996 292.151062 166.29975 292.151062 
C 183.772504 292.151062 201.075357 288.709311 217.218077 282.022778 
C 233.360796 275.336244 248.029447 265.534965 260.38455 253.179862 
C 272.739653 240.82476 282.540932 226.156109 289.227465 210.013389 
C 295.913998 193.87067 299.35575 176.567816 299.35575 159.095062 
C 299.35575 141.622309 295.913998 124.319455 289.227465 108.176736 
C 282.540932 92.034016 272.739653 77.365365 260.38455 65.010263 
C 248.029447 52.65516 233.360796 42.853881 217.218077 36.167347 
C 201.075357 29.480814 183.772504 26.039062 166.29975 26.039062 
" style="fill: none; stroke: #000000; stroke-width: 0.8; stroke-linejoin: miter; stroke-linecap: square"/>
   </g>
  </g>
 </g>
 <defs>
  <clipPath id="p031d4d47ac">
   <path d="M 299.35575 159.095062 
C 299.35575 141.622309 295.913998 124.319455 289.227465 108.176736 
C 282.540932 92.034016 272.739653 77.365365 260.38455 65.010263 
C 248.029447 52.65516 233.360796 42.853881 217.218077 36.167347 
C 201.075357 29.480814 183.772504 26.039062 166.29975 26.039062 
C 148.826996 26.039062 131.524143 29.480814 115.381423 36.167347 
C 99.238704 42.853881 84.570053 52.65516 72.21495 65.010263 
C 59.859847 77.365365 50.058568 92.034016 43.372035 108.176736 
C 36.685502 124.319455 33.24375 141.622309 33.24375 159.095062 
C 33.24375 176.567816 36.685502 193.87067 43.372035 210.013389 
C 50.058568 226.156109 59.859847 240.82476 72.21495 253.179862 
C 84.570053 265.534965 99.238704 275.336244 115.381423 282.022778 
C 131.524143 288.709311 148.826996 292.151062 166.29975 292.151062 
C 183.772504 292.151062 201.075357 288.709311 217.218077 282.022778 
C 233.360796 275.336244 248.029447 265.534965 260.38455 253.179862 
C 272.739653 240.82476 282.540932 226.156109 289.227465 210.013389 
C 295.913998 193.87067 299.35575 176.567816 299.35575 159.095062 
M 166.29975 159.095062 
C 166.29975 159.095062 166.29975 159.095062 166.29975 159.095062 
C 166.29975 159.095062 166.29975 159.095062 166.29975 159.095062 
C 166.29975 159.095062 166.29975 159.095062 166.29975 159.095062 
C 166.29975 159.095062 166.29975 159.095062 166.29975 159.095062 
C 166.29975 159.095062 166.29975 159.095062 166.29975 159.095062 
C 166.29975 159.095062 166.29975 159.095062 166.29975 159.095062 
C 166.29975 159.095062 166.29975 159.095062 166.29975 159.095062 
C 166.29975 159.095062 166.29975 159.095062 166.29975 159.095062 
C 166.29975 159.095062 166.29975 159.095062 166.29975 159.095062 
C 166.29975 159.095062 166.29975 159.095062 166.29975 159.095062 
C 166.29975 159.095062 166.29975 159.095062 166.29975 159.095062 
C 166.29975 159.095062 166.29975 159.095062 166.29975 159.095062 
C 166.29975 159.095062 166.29975 159.095062 166.29975 159.095062 
C 166.29975 159.095062 166.29975 159.095062 166.29975 159.095062 
C 166.29975 159.095062 166.29975 159.095062 166.29975 159.095062 
C 166.29975 159.095062 166.29975 159.095062 166.29975 159.095062 
M 299.35575 159.095062 
z
"/>
  </clipPath>
 </defs>
</svg>
